0 0.754885 0.024209 0.046181 0.048417
0 0.417407 0.141527 0.035524 0.037244
0 0.601243 0.150838 0.051510 0.052142
0 0.303730 0.179702 0.060391 0.065177
0 0.502664 0.239292 0.170515 0.128492
0 0.725577 0.279330 0.058615 0.059590
0 0.130551 0.472067 0.065719 0.109870
0 0.279751 0.472998 0.044405 0.052142
0 0.344583 0.589385 0.067496 0.046555
0 0.176732 0.613594 0.051510 0.057728
0 0.608348 0.655493 0.026643 0.044693
0 0.190941 0.692737 0.044405 0.074488
0 0.504440 0.699255 0.053286 0.080074
0 0.791297 0.911546 0.040853 0.057728
0 0.690941 0.977654 0.049734 0.040968
