0 0.354352 0.427374 0.047957 0.050279
0 0.126998 0.590317 0.055062 0.052142
0 0.309947 0.464618 0.033748 0.027933
0 0.190941 0.414339 0.019538 0.039106
0 0.319716 0.292365 0.049734 0.040968
0 0.412966 0.216946 0.047957 0.050279
0 0.546181 0.477654 0.040853 0.061453
0 0.625222 0.438547 0.024867 0.031657
0 0.518650 0.310056 0.017762 0.027933
0 0.643872 0.454376 0.023091 0.029795
0 0.389876 0.576350 0.037300 0.024209
0 0.427176 0.536313 0.026643 0.026071
0 0.672291 0.686220 0.051510 0.046555
0 0.738011 0.439479 0.044405 0.048417
0 0.634103 0.260708 0.035524 0.037244
0 0.844583 0.258845 0.040853 0.048417
0 0.215808 0.916201 0.058615 0.055866
0 0.039964 0.757914 0.044405 0.044693
0 0.381883 0.915270 0.028419 0.024209
