0 0.080817 0.009311 0.065719 0.018622
0 0.232682 0.049348 0.049734 0.046555
0 0.325933 0.072626 0.040853 0.055866
0 0.726465 0.254190 0.053286 0.054004
0 0.198934 0.271881 0.060391 0.070764
0 0.854352 0.314711 0.085258 0.093110
0 0.056838 0.351955 0.060391 0.044693
0 0.792185 0.405959 0.039076 0.040968
0 0.138544 0.432961 0.049734 0.039106
0 0.228242 0.482309 0.047957 0.044693
0 0.560391 0.528864 0.047957 0.055866
0 0.364121 0.594041 0.039076 0.063315
0 0.225577 0.597765 0.046181 0.063315
0 0.727353 0.711359 0.033748 0.063315
0 0.498224 0.824022 0.055062 0.068901
0 0.293961 0.841713 0.058615 0.048417
