0 0.325933 0.006518 0.033748 0.013035
0 0.522202 0.023277 0.042629 0.046555
0 0.518650 0.136872 0.046181 0.035382
0 0.792185 0.173184 0.056838 0.040968
0 0.841030 0.209497 0.047957 0.039106
0 0.772647 0.219739 0.046181 0.040968
0 0.007993 0.329609 0.015986 0.044693
0 0.897869 0.392924 0.083481 0.063315
0 0.481350 0.462756 0.039076 0.054004
0 0.230906 0.475791 0.063943 0.068901
0 0.204263 0.590317 0.053286 0.055866
0 0.690941 0.655493 0.049734 0.044693
0 0.829485 0.696462 0.035524 0.081937
0 0.108348 0.771881 0.067496 0.065177
0 0.495560 0.941341 0.060391 0.057728
