0 0.217584 0.210428 0.026643 0.040968
0 0.379218 0.233706 0.040853 0.039106
0 0.512433 0.235568 0.047957 0.046555
0 0.595915 0.257914 0.055062 0.061453
0 0.460924 0.281192 0.037300 0.040968
0 0.284192 0.323091 0.035524 0.042831
0 0.658082 0.331471 0.040853 0.048417
0 0.503552 0.342644 0.047957 0.063315
0 0.730906 0.342644 0.062167 0.089385
0 0.311723 0.402235 0.033748 0.052142
0 0.355240 0.404097 0.021314 0.063315
0 0.415631 0.472998 0.035524 0.052142
0 0.201599 0.486965 0.040853 0.046555
0 0.915631 0.676909 0.040853 0.087523
0 0.751332 0.734637 0.049734 0.076350
0 0.223801 0.768156 0.031972 0.050279
0 0.723801 0.801676 0.062167 0.061453
0 0.059503 0.826816 0.040853 0.055866
0 0.301954 0.933892 0.046181 0.054004
0 0.114565 0.983240 0.044405 0.029795
