0 0.678508 0.040968 0.046181 0.048417
0 0.489343 0.086592 0.037300 0.046555
0 0.195382 0.109870 0.046181 0.044693
0 0.314387 0.109870 0.053286 0.063315
0 0.156306 0.169460 0.039076 0.040968
0 0.324156 0.198324 0.072824 0.054004
0 0.338366 0.315642 0.047957 0.054004
0 0.426288 0.380819 0.056838 0.068901
0 0.557726 0.382682 0.042629 0.050279
0 0.912078 0.435754 0.051510 0.052142
0 0.619005 0.497207 0.047957 0.044693
0 0.026643 0.651769 0.046181 0.040968
0 0.028419 0.751397 0.056838 0.042831
0 0.420071 0.764432 0.058615 0.061453
0 0.461812 0.808194 0.039076 0.055866
0 0.284192 0.872439 0.035524 0.042831
0 0.146536 0.932961 0.072824 0.052142
0 0.387211 0.977654 0.031972 0.040968
