0 0.266430 0.059590 0.053286 0.085661
0 0.424512 0.081006 0.060391 0.061453
0 0.349023 0.201117 0.058615 0.040968
0 0.611901 0.270019 0.087034 0.093110
0 0.682948 0.284916 0.044405 0.070764
0 0.547957 0.337058 0.047957 0.052142
0 0.492007 0.412477 0.046181 0.072626
0 0.561279 0.416201 0.046181 0.061453
0 0.580817 0.577281 0.053286 0.067039
0 0.434281 0.802607 0.037300 0.040968
0 0.116341 0.864991 0.058615 0.094972
0 0.648313 0.865922 0.046181 0.078212
0 0.510657 0.871508 0.044405 0.070764
0 0.350799 0.879888 0.055062 0.050279
