0 0.444050 0.094972 0.074600 0.096834
0 0.689165 0.109870 0.046181 0.070764
0 0.379218 0.204842 0.033748 0.059590
0 0.163410 0.225326 0.063943 0.067039
0 0.094139 0.234637 0.067496 0.063315
0 0.865897 0.270950 0.047957 0.068901
0 0.885435 0.393855 0.065719 0.061453
0 0.162522 0.413408 0.033748 0.029795
0 0.388099 0.442272 0.047957 0.057728
0 0.293961 0.443203 0.083481 0.040968
0 0.691829 0.503724 0.037300 0.039106
0 0.363233 0.590317 0.033748 0.037244
0 0.306394 0.641527 0.037300 0.039106
0 0.138544 0.752328 0.031972 0.089385
0 0.382771 0.909683 0.037300 0.054004
0 0.523979 0.989758 0.053286 0.016760
