0 0.656306 0.014898 0.033748 0.029795
0 0.457371 0.049348 0.154529 0.098696
0 0.747780 0.094972 0.067496 0.089385
0 0.429840 0.165736 0.028419 0.037244
0 0.379218 0.195531 0.033748 0.055866
0 0.913854 0.197393 0.026643 0.044693
0 0.447602 0.214153 0.028419 0.040968
0 0.196270 0.280261 0.030195 0.042831
0 0.699822 0.328678 0.103020 0.158287
0 0.365009 0.357542 0.058615 0.067039
0 0.240675 0.575419 0.055062 0.055866
0 0.944050 0.580074 0.033748 0.061453
0 0.531972 0.664804 0.062167 0.067039
0 0.459147 0.697393 0.033748 0.054004
0 0.412966 0.751397 0.037300 0.054004
0 0.199822 0.826816 0.044405 0.044693
0 0.436945 0.881750 0.042629 0.050279
0 0.708703 0.959032 0.085258 0.078212
0 0.053286 0.980447 0.074600 0.035382
0 0.504440 0.972998 0.120782 0.050279
