0 0.302842 0.009311 0.072824 0.018622
0 0.128774 0.015829 0.083481 0.031657
0 0.041741 0.094041 0.083481 0.083799
0 0.864121 0.142458 0.062167 0.054004
0 0.547069 0.289572 0.117229 0.113594
0 0.370337 0.360335 0.051510 0.068901
0 0.575488 0.375233 0.028419 0.035382
0 0.453819 0.417132 0.072824 0.063315
0 0.392540 0.483240 0.035524 0.024209
0 0.595027 0.501862 0.046181 0.054004
0 0.370337 0.516760 0.015986 0.035382
0 0.539964 0.519553 0.017762 0.022346
0 0.094139 0.530726 0.035524 0.044693
0 0.704263 0.536313 0.104796 0.059590
0 0.910302 0.544693 0.033748 0.046555
0 0.534636 0.566108 0.014210 0.029795
0 0.238899 0.590317 0.030195 0.029795
0 0.136767 0.732775 0.039076 0.031657
0 0.018650 0.850093 0.037300 0.061453
0 0.185613 0.954376 0.204263 0.087523
