0 0.499112 0.052142 0.067496 0.104283
0 0.334813 0.105214 0.033748 0.031657
0 0.610124 0.111732 0.087034 0.122905
0 0.422735 0.148976 0.039076 0.037244
0 0.476909 0.206704 0.058615 0.089385
0 0.201599 0.234637 0.040853 0.070764
0 0.611012 0.255121 0.049734 0.100559
0 0.267318 0.261639 0.040853 0.068901
0 0.108348 0.296089 0.067496 0.055866
0 0.216696 0.306331 0.046181 0.046555
0 0.492895 0.309125 0.019538 0.044693
0 0.896980 0.350093 0.039076 0.052142
0 0.488455 0.364060 0.035524 0.046555
0 0.301954 0.491620 0.053286 0.055866
0 0.167851 0.514898 0.033748 0.042831
0 0.503552 0.533520 0.047957 0.061453
0 0.167851 0.581937 0.044405 0.057728
0 0.478686 0.601490 0.051510 0.059590
0 0.354352 0.603352 0.055062 0.081937
0 0.032860 0.617318 0.033748 0.065177
0 0.873002 0.625698 0.033748 0.070764
0 0.086146 0.713222 0.047957 0.067039
0 0.126998 0.771881 0.030195 0.035382
0 0.173179 0.803538 0.023091 0.027933
0 0.285080 0.836127 0.033748 0.052142
0 0.341918 0.973929 0.062167 0.048417
0 0.672291 0.963687 0.058615 0.068901
0 0.518650 0.983240 0.035524 0.029795
