0 0.557726 0.019553 0.074600 0.039106
0 0.741563 0.049348 0.154529 0.098696
0 0.893428 0.205773 0.063943 0.061453
0 0.492007 0.216946 0.046181 0.061453
0 0.413854 0.303538 0.049734 0.048417
0 0.330373 0.316574 0.049734 0.067039
0 0.616341 0.339851 0.063943 0.065177
0 0.258437 0.351024 0.058615 0.061453
0 0.479574 0.371508 0.035524 0.039106
0 0.757549 0.374302 0.051510 0.089385
0 0.036412 0.442272 0.072824 0.065177
0 0.972469 0.485102 0.047957 0.050279
0 0.251332 0.497207 0.051510 0.063315
0 0.422735 0.564246 0.039076 0.048417
0 0.527531 0.614525 0.063943 0.063315
0 0.255773 0.643389 0.053286 0.061453
0 0.427176 0.684358 0.076377 0.065177
0 0.860568 0.755121 0.126110 0.094972
0 0.017762 0.857542 0.035524 0.068901
