0 0.820604 0.018622 0.039076 0.037244
0 0.868561 0.048417 0.024867 0.029795
0 0.225577 0.081006 0.017762 0.031657
0 0.784192 0.121974 0.037300 0.031657
0 0.050622 0.174115 0.030195 0.031657
0 0.360568 0.189013 0.031972 0.039106
0 0.663410 0.194600 0.047957 0.046555
0 0.628774 0.265363 0.042629 0.050279
0 0.347247 0.339851 0.015986 0.020484
0 0.049734 0.352886 0.046181 0.039106
0 0.446714 0.363128 0.058615 0.040968
0 0.670515 0.381750 0.055062 0.055866
0 0.343694 0.383613 0.015986 0.018622
0 0.257549 0.390130 0.021314 0.024209
0 0.323268 0.419926 0.042629 0.046555
0 0.479574 0.445996 0.056838 0.046555
0 0.622558 0.454376 0.047957 0.063315
0 0.687389 0.485102 0.014210 0.027933
0 0.245115 0.509311 0.035524 0.057728
0 0.513321 0.513966 0.014210 0.022346
0 0.674067 0.513966 0.023091 0.022346
0 0.547957 0.540968 0.019538 0.031657
0 0.420959 0.589385 0.042629 0.065177
0 0.675844 0.590317 0.140320 0.093110
0 0.175844 0.615456 0.017762 0.024209
0 0.315275 0.647114 0.055062 0.065177
0 0.109236 0.662942 0.051510 0.059590
0 0.165187 0.680633 0.014210 0.027933
0 0.460924 0.700186 0.019538 0.022346
0 0.397869 0.710428 0.021314 0.020484
0 0.172291 0.719739 0.014210 0.024209
0 0.605684 0.723464 0.053286 0.057728
0 0.253996 0.727188 0.028419 0.039106
0 0.447602 0.742086 0.042629 0.042831
0 0.301954 0.780261 0.028419 0.033520
0 0.214032 0.783985 0.090586 0.070764
0 0.343694 0.817505 0.033748 0.044693
0 0.548845 0.846369 0.039076 0.035382
0 0.398757 0.864991 0.058615 0.054004
0 0.113677 0.964618 0.078153 0.067039
