0 0.410302 0.175978 0.039076 0.054004
0 0.292185 0.297020 0.026643 0.046555
0 0.357016 0.343575 0.039076 0.039106
0 0.200710 0.347300 0.039076 0.046555
0 0.714920 0.395717 0.097691 0.143389
0 0.324156 0.414339 0.047957 0.039106
0 0.577265 0.432961 0.035524 0.046555
0 0.436945 0.581937 0.039076 0.050279
0 0.349911 0.650838 0.053286 0.046555
0 0.714032 0.678771 0.035524 0.065177
0 0.507105 0.716946 0.047957 0.059590
0 0.263766 0.730912 0.047957 0.039106
0 0.550622 0.761639 0.056838 0.078212
0 0.126110 0.774674 0.031972 0.059590
0 0.017762 0.797020 0.035524 0.104283
0 0.120782 0.973929 0.103020 0.048417
