0 0.412078 0.100559 0.042629 0.048417
0 0.191829 0.148045 0.042629 0.050279
0 0.865009 0.202048 0.042629 0.050279
0 0.301066 0.217877 0.069272 0.067039
0 0.183837 0.219739 0.044405 0.033520
0 0.523091 0.267225 0.051510 0.072626
0 0.599467 0.309125 0.037300 0.059590
0 0.751332 0.314711 0.063943 0.037244
0 0.188277 0.359404 0.028419 0.037244
0 0.007105 0.404097 0.014210 0.081937
0 0.802842 0.421788 0.035524 0.046555
0 0.408526 0.429236 0.063943 0.057728
0 0.354352 0.453445 0.026643 0.027933
0 0.708703 0.457169 0.060391 0.057728
0 0.291297 0.479516 0.021314 0.031657
0 0.067496 0.532588 0.049734 0.033520
0 0.814387 0.543762 0.101243 0.074488
0 0.302842 0.625698 0.058615 0.052142
0 0.438721 0.655493 0.035524 0.067039
0 0.834813 0.833333 0.039076 0.068901
0 0.722913 0.925512 0.078153 0.067039
