0 0.079929 0.009311 0.088810 0.018622
0 0.421847 0.078212 0.044405 0.081937
0 0.316163 0.121974 0.074600 0.080074
0 0.460036 0.240223 0.049734 0.081937
0 0.643872 0.277467 0.047957 0.033520
0 0.569272 0.284916 0.040853 0.048417
0 0.738011 0.297952 0.037300 0.040968
0 0.914742 0.354749 0.046181 0.061453
0 0.348135 0.372439 0.056838 0.074488
0 0.518650 0.442272 0.035524 0.057728
0 0.928064 0.458101 0.047957 0.059590
0 0.157194 0.465549 0.040853 0.059590
0 0.750444 0.472067 0.047957 0.061453
0 0.698046 0.501862 0.039076 0.065177
0 0.462700 0.540968 0.040853 0.061453
0 0.331261 0.567039 0.040853 0.039106
0 0.619005 0.580074 0.047957 0.065177
0 0.737123 0.627561 0.053286 0.067039
0 0.258437 0.662942 0.065719 0.078212
0 0.366785 0.745810 0.062167 0.039106
0 0.341918 0.918994 0.108348 0.061453
