0 0.228242 0.298883 0.040853 0.054004
0 0.432504 0.270950 0.030195 0.042831
0 0.463588 0.093110 0.031972 0.048417
0 0.658970 0.164804 0.042629 0.046555
0 0.216696 0.092179 0.024867 0.027933
0 0.270870 0.169460 0.033748 0.044693
0 0.347247 0.572626 0.023091 0.024209
0 0.285080 0.715084 0.030195 0.052142
0 0.394316 0.603352 0.017762 0.022346
0 0.207815 0.581937 0.014210 0.027933
0 0.039964 0.797020 0.051510 0.044693
0 0.141208 0.935754 0.055062 0.046555
0 0.226465 0.872439 0.040853 0.046555
0 0.208703 0.986034 0.030195 0.024209
0 0.388988 0.900372 0.035524 0.024209
0 0.388099 0.930168 0.040853 0.027933
0 0.473357 0.891061 0.023091 0.024209
0 0.604796 0.829609 0.040853 0.031657
0 0.619005 0.744879 0.026643 0.044693
0 0.650977 0.673184 0.033748 0.039106
0 0.640320 0.622905 0.030195 0.039106
