0 0.191829 0.011173 0.046181 0.022346
0 0.502664 0.138734 0.046181 0.057728
0 0.401421 0.199255 0.060391 0.074488
0 0.035524 0.210428 0.071048 0.067039
0 0.294849 0.268156 0.021314 0.044693
0 0.523979 0.284916 0.053286 0.070764
0 0.793073 0.309125 0.079929 0.059590
0 0.194494 0.319367 0.062167 0.061453
0 0.404973 0.329609 0.056838 0.063315
0 0.562167 0.345438 0.065719 0.061453
0 0.847247 0.376164 0.042629 0.037244
0 0.876554 0.431099 0.033748 0.046555
0 0.711368 0.450652 0.040853 0.055866
0 0.258437 0.494413 0.058615 0.039106
0 0.553286 0.525140 0.033748 0.048417
0 0.777087 0.614525 0.062167 0.067039
0 0.231794 0.621043 0.047957 0.072626
0 0.646536 0.638734 0.078153 0.067039
0 0.513321 0.639665 0.067496 0.061453
0 0.736234 0.720670 0.051510 0.044693
0 0.318828 0.736499 0.033748 0.031657
0 0.563055 0.783054 0.088810 0.080074
0 0.349023 0.785847 0.026643 0.029795
0 0.815275 0.792365 0.060391 0.061453
0 0.288632 0.937616 0.062167 0.087523
0 0.807282 0.992551 0.044405 0.011173
