0 0.370337 0.216015 0.033748 0.059590
0 0.163410 0.245810 0.042629 0.044693
0 0.582593 0.305400 0.046181 0.063315
0 0.671403 0.370577 0.081705 0.108007
0 0.047069 0.387337 0.033748 0.052142
0 0.438721 0.475791 0.060391 0.080074
0 0.676732 0.527002 0.042629 0.052142
0 0.124334 0.540968 0.056838 0.061453
0 0.746892 0.550279 0.058615 0.057728
0 0.655417 0.560521 0.042629 0.052142
0 0.152753 0.609870 0.039076 0.076350
0 0.014210 0.646182 0.028419 0.074488
0 0.593250 0.646182 0.053286 0.081937
0 0.526643 0.665736 0.033748 0.106145
0 0.358792 0.807263 0.063943 0.072626
0 0.791297 0.919926 0.083481 0.081937
0 0.611901 0.977654 0.055062 0.040968
