0 0.407638 0.165736 0.037300 0.033520
0 0.191829 0.169460 0.067496 0.052142
0 0.670515 0.239292 0.037300 0.050279
0 0.846359 0.273743 0.058615 0.048417
0 0.588810 0.277467 0.076377 0.108007
0 0.917407 0.483240 0.058615 0.046555
0 0.285968 0.485102 0.039076 0.076350
0 0.427176 0.486965 0.040853 0.054004
0 0.063943 0.514898 0.028419 0.039106
0 0.547957 0.574488 0.047957 0.080074
0 0.102131 0.606145 0.030195 0.050279
0 0.156306 0.662942 0.046181 0.059590
0 0.374778 0.671322 0.053286 0.054004
0 0.577265 0.700186 0.035524 0.052142
0 0.327709 0.725326 0.044405 0.035382
0 0.697158 0.732775 0.072824 0.098696
0 0.444938 0.791434 0.040853 0.048417
0 0.396980 0.797952 0.051510 0.035382
0 0.384547 0.850093 0.062167 0.065177
0 0.361456 0.914339 0.069272 0.089385
0 0.666963 0.939479 0.047957 0.072626
