0 0.436057 0.037244 0.058615 0.074488
0 0.539964 0.123836 0.088810 0.065177
0 0.844583 0.177840 0.047957 0.076350
0 0.566607 0.188082 0.071048 0.078212
0 0.620782 0.236499 0.037300 0.048417
0 0.303730 0.240223 0.042629 0.055866
0 0.269982 0.334264 0.060391 0.046555
0 0.773535 0.356611 0.058615 0.046555
0 0.937833 0.383613 0.067496 0.059590
0 0.867673 0.421788 0.051510 0.042831
0 0.079929 0.536313 0.063943 0.048417
0 0.272647 0.536313 0.040853 0.033520
0 0.220249 0.557728 0.031972 0.046555
0 0.323268 0.574488 0.042629 0.054004
0 0.662522 0.581937 0.056838 0.094972
0 0.370337 0.587523 0.047957 0.042831
0 0.071048 0.614525 0.071048 0.078212
0 0.224689 0.668529 0.051510 0.052142
0 0.139432 0.739292 0.033748 0.055866
0 0.017762 0.891061 0.035524 0.087523
