0 0.407638 0.148976 0.040853 0.040968
0 0.300178 0.194600 0.035524 0.039106
0 0.106572 0.207635 0.071048 0.083799
0 0.681172 0.210428 0.037300 0.044693
0 0.615453 0.235568 0.040853 0.050279
0 0.348135 0.251397 0.042629 0.055866
0 0.579929 0.287709 0.044405 0.046555
0 0.020426 0.301676 0.040853 0.055866
0 0.857016 0.345438 0.047957 0.050279
0 0.144760 0.354749 0.023091 0.039106
0 0.742451 0.400372 0.049734 0.059590
0 0.527531 0.497207 0.042629 0.029795
0 0.619005 0.507449 0.047957 0.039106
0 0.305506 0.546555 0.081705 0.087523
0 0.685613 0.556797 0.039076 0.044693
0 0.116341 0.609870 0.037300 0.046555
0 0.457371 0.622905 0.030195 0.065177
0 0.290409 0.644320 0.051510 0.044693
0 0.216696 0.649907 0.035524 0.037244
0 0.713144 0.664804 0.058615 0.037244
0 0.033748 0.679702 0.042629 0.059590
0 0.796625 0.681564 0.047957 0.044693
0 0.680284 0.725326 0.074600 0.057728
0 0.527531 0.750466 0.053286 0.059590
0 0.278863 0.788641 0.042629 0.042831
0 0.412078 0.790503 0.053286 0.054004
0 0.305506 0.862197 0.071048 0.067039
0 0.243339 0.921788 0.053286 0.048417
0 0.137655 0.985102 0.065719 0.026071
