0 0.646536 0.057728 0.071048 0.096834
0 0.766430 0.270950 0.076377 0.068901
0 0.253108 0.281192 0.119005 0.078212
0 0.349911 0.324953 0.042629 0.046555
0 0.945826 0.387337 0.065719 0.029795
0 0.258437 0.401304 0.037300 0.042831
0 0.958259 0.480447 0.040853 0.048417
0 0.395204 0.527933 0.026643 0.054004
0 0.969805 0.554935 0.039076 0.048417
0 0.541741 0.640596 0.099467 0.100559
0 0.940497 0.659218 0.037300 0.044693
0 0.195382 0.689013 0.056838 0.059590
0 0.496448 0.752328 0.062167 0.081937
0 0.334813 0.832402 0.047957 0.074488
0 0.752220 0.915270 0.058615 0.072626
0 0.657194 0.982309 0.071048 0.031657
