0 0.226465 0.023277 0.037300 0.046555
0 0.089698 0.080074 0.076377 0.078212
0 0.342806 0.103352 0.039076 0.039106
0 0.313499 0.186220 0.058615 0.074488
0 0.246004 0.293296 0.047957 0.057728
0 0.155417 0.304469 0.055062 0.061453
0 0.795737 0.364060 0.046181 0.042831
0 0.321492 0.406890 0.056838 0.124767
0 0.229130 0.410615 0.042629 0.042831
0 0.247780 0.477654 0.037300 0.042831
0 0.515098 0.480447 0.081705 0.085661
0 0.361456 0.667598 0.047957 0.072626
0 0.888099 0.678771 0.074600 0.076350
0 0.650977 0.713222 0.062167 0.059590
0 0.888988 0.927374 0.040853 0.048417
0 0.016874 0.962756 0.033748 0.063315
0 0.531083 0.982309 0.078153 0.031657
