0 0.563055 0.014898 0.081705 0.029795
0 0.722025 0.034451 0.058615 0.050279
0 0.168739 0.139665 0.042629 0.048417
0 0.107460 0.201117 0.065719 0.067039
0 0.552398 0.306331 0.056838 0.035382
0 0.230018 0.341713 0.051510 0.031657
0 0.354352 0.393855 0.037300 0.046555
0 0.685613 0.455307 0.039076 0.039106
0 0.600355 0.477654 0.081705 0.061453
0 0.171403 0.587523 0.097691 0.106145
0 0.528419 0.621974 0.044405 0.074488
0 0.250444 0.745810 0.060391 0.080074
0 0.380995 0.773743 0.044405 0.057728
0 0.437833 0.828678 0.055062 0.067039
0 0.801954 0.860335 0.058615 0.081937
0 0.190941 0.949721 0.172291 0.096834
