0 0.378330 0.005587 0.063943 0.011173
0 0.257549 0.058659 0.053286 0.072626
0 0.544405 0.132216 0.040853 0.040968
0 0.816163 0.147114 0.062167 0.074488
0 0.639432 0.211359 0.028419 0.042831
0 0.532860 0.217877 0.035524 0.044693
0 0.601243 0.254190 0.051510 0.054004
0 0.153641 0.280261 0.087034 0.135940
0 0.742451 0.333333 0.049734 0.081937
0 0.483126 0.405028 0.042629 0.039106
0 0.601243 0.426443 0.040853 0.037244
0 0.522202 0.446927 0.042629 0.048417
0 0.890764 0.499069 0.062167 0.048417
0 0.498224 0.532588 0.040853 0.052142
0 0.227353 0.564246 0.046181 0.089385
0 0.857016 0.651769 0.101243 0.115456
0 0.331261 0.818436 0.111901 0.057728
0 0.746892 0.879888 0.072824 0.068901
0 0.130551 0.969274 0.058615 0.057728
