0 0.521314 0.085661 0.033748 0.044693
0 0.452043 0.086592 0.044405 0.042831
0 0.493783 0.185289 0.031972 0.057728
0 0.841918 0.225326 0.042629 0.070764
0 0.919183 0.259777 0.047957 0.046555
0 0.485790 0.300745 0.051510 0.046555
0 0.607460 0.368715 0.053286 0.089385
0 0.063943 0.411546 0.067496 0.052142
0 0.953819 0.463687 0.071048 0.055866
0 0.007105 0.496276 0.014210 0.046555
0 0.119005 0.564246 0.099467 0.059590
0 0.256661 0.609870 0.044405 0.050279
0 0.136767 0.691806 0.042629 0.065177
0 0.515986 0.702980 0.058615 0.065177
0 0.928952 0.702980 0.049734 0.065177
0 0.353464 0.717877 0.060391 0.094972
0 0.007993 0.866853 0.015986 0.061453
0 0.057726 0.915270 0.047957 0.072626
0 0.145648 0.986965 0.071048 0.022346
