0 0.769982 0.080074 0.047957 0.070764
0 0.849911 0.270019 0.083481 0.085661
0 0.765542 0.397579 0.056838 0.106145
0 0.226465 0.442272 0.044405 0.039106
0 0.670515 0.535382 0.044405 0.050279
0 0.192718 0.540968 0.026643 0.042831
0 0.369449 0.587523 0.039076 0.031657
0 0.632327 0.591248 0.031972 0.050279
0 0.691829 0.603352 0.037300 0.037244
0 0.432504 0.624767 0.040853 0.057728
0 0.580817 0.633147 0.046181 0.055866
0 0.500000 0.640596 0.044405 0.037244
0 0.163410 0.642458 0.028419 0.078212
0 0.228242 0.759777 0.058615 0.067039
0 0.871226 0.761639 0.072824 0.074488
0 0.531083 0.787709 0.060391 0.067039
0 0.270870 0.799814 0.044405 0.035382
0 0.104796 0.874302 0.060391 0.057728
0 0.333925 0.904097 0.049734 0.057728
