0 0.776199 0.075419 0.060391 0.068901
0 0.507993 0.086592 0.056838 0.054004
0 0.375666 0.183426 0.044405 0.061453
0 0.280639 0.212291 0.049734 0.063315
0 0.340142 0.236499 0.044405 0.026071
0 0.377442 0.238361 0.037300 0.052142
0 0.549734 0.249534 0.069272 0.052142
0 0.492895 0.263501 0.037300 0.046555
0 0.895204 0.282123 0.042629 0.083799
0 0.244227 0.352886 0.037300 0.054004
0 0.483126 0.391993 0.042629 0.057728
0 0.517762 0.391993 0.033748 0.039106
0 0.404973 0.418063 0.046181 0.039106
0 0.323268 0.444134 0.042629 0.050279
0 0.864121 0.561453 0.062167 0.057728
0 0.786856 0.562384 0.049734 0.063315
0 0.473357 0.596834 0.040853 0.039106
0 0.594139 0.600559 0.037300 0.057728
0 0.176732 0.827747 0.087034 0.065177
0 0.282416 0.954376 0.060391 0.050279
0 0.096803 0.966480 0.044405 0.055866
0 0.371226 0.980447 0.049734 0.035382
0 0.462700 0.987896 0.111901 0.020484
