0 0.404973 0.075419 0.046181 0.057728
0 0.786856 0.106145 0.049734 0.037244
0 0.563943 0.128492 0.026643 0.055866
0 0.676732 0.216946 0.042629 0.065177
0 0.835702 0.236499 0.119005 0.100559
0 0.643872 0.259777 0.030195 0.039106
0 0.217584 0.318436 0.062167 0.044693
0 0.357016 0.346369 0.056838 0.044693
0 0.281528 0.376164 0.065719 0.044693
0 0.748668 0.386406 0.069272 0.057728
0 0.216696 0.428305 0.053286 0.059590
0 0.677620 0.467412 0.040853 0.040968
0 0.166075 0.640596 0.033748 0.044693
0 0.334813 0.788641 0.040853 0.054004
0 0.846359 0.791434 0.076377 0.067039
0 0.358792 0.851024 0.042629 0.044693
