0 0.744227 0.098696 0.149201 0.070764
0 0.365897 0.184358 0.039076 0.044693
0 0.405861 0.334264 0.047957 0.046555
0 0.178508 0.350093 0.055062 0.052142
0 0.166963 0.460894 0.088810 0.046555
0 0.904973 0.481378 0.037300 0.061453
0 0.035524 0.501862 0.039076 0.054004
0 0.552398 0.523277 0.049734 0.059590
0 0.153641 0.535382 0.040853 0.039106
0 0.254885 0.558659 0.058615 0.074488
0 0.883659 0.711359 0.083481 0.137803
0 0.197158 0.728119 0.039076 0.044693
0 0.439609 0.743948 0.065719 0.057728
0 0.311723 0.768156 0.040853 0.046555
0 0.793073 0.830540 0.079929 0.096834
