0 0.190941 0.007449 0.047957 0.014898
0 0.351687 0.082868 0.103020 0.083799
0 0.898757 0.314711 0.060391 0.093110
0 0.749556 0.449721 0.081705 0.072626
0 0.061279 0.497207 0.051510 0.044693
0 0.113677 0.579143 0.103020 0.044693
0 0.571048 0.585661 0.026643 0.046555
0 0.402309 0.618250 0.040853 0.067039
0 0.054174 0.648045 0.058615 0.059590
0 0.568384 0.650838 0.028419 0.046555
0 0.508881 0.667598 0.026643 0.042831
0 0.882771 0.706704 0.042629 0.061453
0 0.301954 0.820298 0.046181 0.061453
0 0.727353 0.823091 0.090586 0.104283
0 0.039076 0.901304 0.078153 0.089385
0 0.638544 0.983240 0.062167 0.029795
0 0.424512 0.989758 0.067496 0.016760
