0 0.460924 0.175978 0.037300 0.035382
0 0.582593 0.242086 0.067496 0.059590
0 0.492895 0.312849 0.030195 0.040968
0 0.712256 0.331471 0.042629 0.040968
0 0.934281 0.434823 0.039076 0.091248
0 0.522202 0.445996 0.042629 0.057728
0 0.505329 0.530726 0.033748 0.037244
0 0.259325 0.567970 0.042629 0.067039
0 0.400533 0.621974 0.047957 0.052142
0 0.529307 0.638734 0.046181 0.059590
0 0.452043 0.682495 0.055062 0.035382
0 0.334813 0.694600 0.023091 0.052142
0 0.254885 0.695531 0.030195 0.050279
0 0.377442 0.701117 0.037300 0.035382
