0 0.067496 0.022346 0.049734 0.044693
0 0.462700 0.144320 0.072824 0.094972
0 0.817940 0.164804 0.047957 0.042831
0 0.700710 0.183426 0.069272 0.072626
0 0.516874 0.258845 0.056838 0.074488
0 0.280639 0.307263 0.092362 0.067039
0 0.476021 0.334264 0.039076 0.046555
0 0.648313 0.363128 0.039076 0.040968
0 0.087922 0.364060 0.037300 0.042831
0 0.012433 0.388268 0.024867 0.061453
0 0.678508 0.394786 0.046181 0.044693
0 0.608348 0.475791 0.026643 0.031657
0 0.025755 0.520484 0.051510 0.054004
0 0.678508 0.550279 0.046181 0.094972
0 0.257549 0.623836 0.021314 0.040968
0 0.907638 0.624767 0.067496 0.076350
0 0.140320 0.634078 0.053286 0.061453
0 0.192718 0.729050 0.047957 0.065177
0 0.666963 0.945065 0.047957 0.050279
