0 0.101243 0.021415 0.053286 0.042831
0 0.819716 0.112663 0.069272 0.068901
0 0.304618 0.168529 0.044405 0.039106
0 0.403197 0.169460 0.035524 0.044693
0 0.420071 0.310056 0.051510 0.080074
0 0.577265 0.378026 0.046181 0.033520
0 0.472469 0.390130 0.042629 0.054004
0 0.210480 0.391061 0.094139 0.130354
0 0.105684 0.418063 0.104796 0.072626
0 0.572824 0.440410 0.030195 0.027933
0 0.510657 0.507449 0.019538 0.027933
0 0.183837 0.595903 0.087034 0.130354
0 0.710480 0.639665 0.053286 0.087523
0 0.444050 0.668529 0.035524 0.044693
0 0.579929 0.683426 0.033748 0.067039
0 0.621670 0.688082 0.028419 0.054004
0 0.870337 0.811918 0.049734 0.055866
