0 0.406750 0.218808 0.024867 0.046555
0 0.519538 0.266294 0.083481 0.070764
0 0.576377 0.279330 0.055062 0.059590
0 0.141208 0.304469 0.055062 0.061453
0 0.175844 0.362197 0.067496 0.076350
0 0.602131 0.370577 0.106572 0.074488
0 0.704263 0.445996 0.076377 0.065177
0 0.407638 0.446927 0.037300 0.048417
0 0.271758 0.459032 0.039076 0.035382
0 0.819716 0.486034 0.051510 0.063315
0 0.375666 0.528864 0.033748 0.037244
0 0.545293 0.536313 0.046181 0.052142
0 0.414742 0.569832 0.040853 0.033520
0 0.766430 0.594041 0.104796 0.100559
0 0.939609 0.654562 0.053286 0.061453
0 0.163410 0.655493 0.060391 0.067039
0 0.217584 0.775605 0.083481 0.083799
0 0.214032 0.868715 0.090586 0.080074
0 0.557726 0.910615 0.042629 0.063315
0 0.725577 0.949721 0.094139 0.096834
