0 0.103020 0.152700 0.021314 0.048417
0 0.839254 0.153631 0.065719 0.106145
0 0.482238 0.198324 0.058615 0.042831
0 0.619893 0.234637 0.042629 0.040968
0 0.243339 0.272812 0.053286 0.042831
0 0.668739 0.272812 0.044405 0.027933
0 0.150089 0.353818 0.037300 0.048417
0 0.608348 0.359404 0.044405 0.040968
0 0.425400 0.413408 0.044405 0.055866
0 0.455595 0.549348 0.040853 0.059590
0 0.561279 0.581006 0.031972 0.067039
0 0.238011 0.693669 0.088810 0.057728
0 0.611012 0.695531 0.060391 0.072626
0 0.283304 0.881750 0.051510 0.068901
