0 0.369449 0.138734 0.067496 0.065177
0 0.200710 0.243948 0.039076 0.022346
0 0.275311 0.259777 0.039076 0.027933
0 0.225577 0.276536 0.035524 0.035382
0 0.174956 0.280261 0.033748 0.039106
0 0.892540 0.305400 0.055062 0.044693
0 0.770870 0.417132 0.053286 0.037244
0 0.441385 0.470205 0.069272 0.057728
0 0.929840 0.485102 0.058615 0.050279
0 0.198934 0.501862 0.042629 0.046555
0 0.015098 0.519553 0.030195 0.063315
0 0.247780 0.533520 0.033748 0.046555
0 0.011545 0.607076 0.023091 0.059590
0 0.209591 0.630354 0.031972 0.042831
0 0.246004 0.681564 0.047957 0.040968
0 0.563943 0.699255 0.055062 0.057728
0 0.581705 0.980447 0.055062 0.035382
0 0.452931 0.983240 0.071048 0.029795
