0 0.423623 0.139665 0.033748 0.048417
0 0.484014 0.173184 0.037300 0.033520
0 0.203375 0.201117 0.051510 0.070764
0 0.682060 0.204842 0.049734 0.048417
0 0.420071 0.205773 0.026643 0.039106
0 0.562167 0.270019 0.033748 0.067039
0 0.327709 0.397579 0.069272 0.054004
0 0.685613 0.421788 0.039076 0.046555
0 0.149201 0.427374 0.024867 0.039106
0 0.950266 0.430168 0.046181 0.044693
0 0.670515 0.486965 0.026643 0.042831
0 0.370337 0.496276 0.044405 0.050279
0 0.657194 0.540968 0.053286 0.039106
0 0.134103 0.568901 0.037300 0.042831
0 0.331261 0.662011 0.044405 0.057728
0 0.513321 0.702980 0.053286 0.065177
0 0.433393 0.727188 0.035524 0.039106
0 0.275311 0.756052 0.056838 0.044693
0 0.273535 0.818436 0.049734 0.057728
0 0.154529 0.959032 0.117229 0.078212
0 0.661634 0.977654 0.047957 0.040968
0 0.527531 0.010242 0.046181 0.020484
