0 0.507993 0.090317 0.039076 0.042831
0 0.432504 0.167598 0.087034 0.111732
0 0.231794 0.189944 0.040853 0.029795
0 0.603908 0.258845 0.039076 0.033520
0 0.113677 0.281192 0.031972 0.040968
0 0.203375 0.350093 0.044405 0.048417
0 0.650089 0.356611 0.039076 0.046555
0 0.231794 0.424581 0.030195 0.052142
0 0.895204 0.475791 0.049734 0.042831
0 0.786856 0.527933 0.039076 0.061453
0 0.516874 0.543762 0.042629 0.044693
0 0.187389 0.588454 0.058615 0.052142
0 0.775311 0.606145 0.026643 0.050279
0 0.406750 0.648976 0.024867 0.042831
0 0.514210 0.658287 0.044405 0.061453
0 0.357904 0.729050 0.040853 0.042831
0 0.639432 0.741155 0.063943 0.078212
0 0.246004 0.925512 0.069272 0.055866
0 0.613677 0.952514 0.040853 0.042831
0 0.527531 0.971136 0.053286 0.054004
0 0.595915 0.989758 0.037300 0.016760
