0 0.760213 0.009311 0.031972 0.018622
0 0.149201 0.127561 0.053286 0.031657
0 0.228242 0.217877 0.069272 0.085661
0 0.277975 0.302607 0.040853 0.050279
0 0.153641 0.334264 0.076377 0.065177
0 0.555062 0.495345 0.062167 0.063315
0 0.911190 0.503724 0.085258 0.087523
0 0.450266 0.539106 0.051510 0.057728
0 0.393428 0.554004 0.055062 0.046555
0 0.669627 0.605214 0.053286 0.067039
0 0.408526 0.610801 0.035524 0.040968
0 0.479574 0.659218 0.053286 0.052142
0 0.809059 0.810987 0.065719 0.080074
0 0.220249 0.980447 0.088810 0.035382
0 0.550622 0.987896 0.056838 0.020484
