0 0.106572 0.014898 0.039076 0.029795
0 0.764654 0.048417 0.055062 0.070764
0 0.399645 0.134078 0.039076 0.067039
0 0.608348 0.155493 0.047957 0.042831
0 0.521314 0.218808 0.040853 0.050279
0 0.450266 0.236499 0.040853 0.037244
0 0.387211 0.256983 0.031972 0.040968
0 0.450266 0.296089 0.040853 0.044693
0 0.058615 0.328678 0.056838 0.061453
0 0.180284 0.356611 0.051510 0.061453
0 0.822380 0.389199 0.074600 0.055866
0 0.577265 0.453445 0.046181 0.031657
0 0.101243 0.605214 0.063943 0.055866
0 0.514210 0.665736 0.026643 0.039106
0 0.893428 0.731844 0.028419 0.044693
0 0.319716 0.783985 0.056838 0.033520
0 0.529307 0.855680 0.049734 0.046555
