0 0.412966 0.068901 0.072824 0.044693
0 0.597691 0.088454 0.033748 0.068901
0 0.018650 0.224395 0.037300 0.035382
0 0.486679 0.235568 0.035524 0.046555
0 0.680284 0.265363 0.081705 0.076350
0 0.938721 0.418063 0.069272 0.039106
0 0.231794 0.470205 0.030195 0.050279
0 0.553286 0.473929 0.023091 0.020484
0 0.192718 0.481378 0.047957 0.061453
0 0.533748 0.517691 0.023091 0.033520
0 0.138544 0.623836 0.039076 0.037244
0 0.220249 0.626629 0.031972 0.042831
0 0.493783 0.644320 0.028419 0.040968
0 0.423623 0.709497 0.033748 0.040968
0 0.327709 0.780261 0.044405 0.044693
