0 0.252220 0.388268 0.031972 0.046555
0 0.366785 0.405959 0.047957 0.040968
0 0.632327 0.213222 0.031972 0.024209
0 0.634991 0.255121 0.019538 0.022346
0 0.685613 0.283054 0.017762 0.018622
0 0.754885 0.336127 0.042629 0.061453
0 0.783304 0.404097 0.024867 0.037244
0 0.700710 0.559590 0.030195 0.039106
0 0.773535 0.588454 0.023091 0.048417
0 0.824156 0.872439 0.035524 0.035382
0 0.174067 0.773743 0.024867 0.039106
0 0.195382 0.836127 0.024867 0.044693
0 0.360568 0.725326 0.021314 0.039106
0 0.413854 0.724395 0.024867 0.044693
0 0.186501 0.520484 0.035524 0.046555
0 0.211368 0.480447 0.021314 0.026071
0 0.145648 0.324022 0.021314 0.018622
0 0.072824 0.456238 0.014210 0.022346
0 0.269094 0.007449 0.033748 0.014898
0 0.387211 0.175978 0.078153 0.042831
