0 0.809059 0.205773 0.062167 0.050279
0 0.436057 0.245810 0.023091 0.029795
0 0.489343 0.267225 0.019538 0.024209
0 0.432504 0.292365 0.023091 0.018622
0 0.480462 0.299814 0.023091 0.022346
0 0.269094 0.307263 0.023091 0.022346
0 0.318828 0.307263 0.023091 0.018622
0 0.555950 0.328678 0.042629 0.039106
0 0.388988 0.339851 0.021314 0.020484
0 0.325933 0.386406 0.023091 0.027933
0 0.243339 0.396648 0.074600 0.063315
0 0.110124 0.472067 0.053286 0.042831
0 0.706927 0.550279 0.024867 0.054004
0 0.237123 0.580074 0.047957 0.035382
0 0.517762 0.582868 0.037300 0.040968
0 0.338366 0.605214 0.044405 0.029795
0 0.637655 0.624767 0.028419 0.024209
0 0.723801 0.655493 0.030195 0.040968
0 0.698046 0.701117 0.042629 0.065177
0 0.647425 0.729050 0.030195 0.027933
0 0.587034 0.729981 0.019538 0.040968
0 0.223801 0.758845 0.031972 0.035382
0 0.527531 0.784916 0.053286 0.039106
0 0.397869 0.836127 0.035524 0.037244
0 0.467140 0.837058 0.049734 0.065177
0 0.322380 0.843575 0.019538 0.052142
0 0.119893 0.889199 0.040853 0.061453
0 0.381883 0.917132 0.039076 0.039106
