0 0.848135 0.011173 0.062167 0.022346
0 0.738899 0.024209 0.039076 0.040968
0 0.382771 0.048417 0.072824 0.063315
0 0.309059 0.092179 0.106572 0.083799
0 0.185613 0.141527 0.044405 0.033520
0 0.841030 0.151769 0.058615 0.035382
0 0.494671 0.188082 0.033748 0.052142
0 0.573712 0.248603 0.028419 0.068901
0 0.937833 0.346369 0.067496 0.033520
0 0.406750 0.379888 0.031972 0.063315
0 0.963588 0.562384 0.026643 0.048417
0 0.399645 0.567970 0.028419 0.037244
0 0.061279 0.574488 0.033748 0.031657
0 0.108348 0.649907 0.039076 0.037244
0 0.346359 0.649907 0.028419 0.037244
0 0.563055 0.717877 0.042629 0.042831
0 0.344583 0.729050 0.017762 0.042831
0 0.485790 0.752328 0.040853 0.037244
0 0.503552 0.956238 0.058615 0.061453
0 0.122558 0.968343 0.095915 0.059590
