0 0.293961 0.264432 0.058615 0.063315
0 0.196270 0.062384 0.058615 0.050279
0 0.270870 0.036313 0.047957 0.031657
0 0.412078 0.115456 0.039076 0.048417
0 0.435169 0.163873 0.039076 0.044693
0 0.396980 0.235568 0.026643 0.039106
0 0.476021 0.212291 0.053286 0.040968
0 0.579929 0.452514 0.019538 0.044693
0 0.300178 0.485102 0.028419 0.039106
0 0.535524 0.494413 0.030195 0.039106
0 0.666075 0.641527 0.049734 0.046555
0 0.359680 0.846369 0.055062 0.065177
0 0.466252 0.923650 0.069272 0.055866
0 0.523979 0.985102 0.035524 0.026071
0 0.886323 0.657356 0.031972 0.044693
0 0.891652 0.576350 0.039076 0.050279
0 0.190053 0.738361 0.024867 0.024209
0 0.237123 0.818436 0.033748 0.039106
0 0.315275 0.716015 0.030195 0.031657
0 0.293961 0.653631 0.026643 0.033520
0 0.149201 0.610801 0.031972 0.029795
0 0.008881 0.484171 0.017762 0.059590
0 0.071936 0.497207 0.019538 0.018622
0 0.109236 0.352886 0.026643 0.046555
0 0.180284 0.230912 0.037300 0.018622
0 0.185613 0.313780 0.023091 0.020484
0 0.180284 0.394786 0.023091 0.018622
