0 0.149201 0.257914 0.053286 0.054004
0 0.228242 0.395717 0.040853 0.046555
0 0.031083 0.664804 0.062167 0.026071
0 0.034636 0.708566 0.055062 0.050279
0 0.103908 0.681564 0.033748 0.026071
0 0.088810 0.463687 0.039076 0.055866
0 0.201599 0.609870 0.026643 0.054004
0 0.361456 0.615456 0.040853 0.046555
0 0.356128 0.840782 0.037300 0.042831
0 0.161634 0.838920 0.053286 0.031657
0 0.424512 0.769088 0.031972 0.037244
0 0.387211 0.797952 0.056838 0.046555
0 0.611012 0.669460 0.017762 0.027933
0 0.619005 0.613594 0.033748 0.024209
0 0.519538 0.540037 0.037300 0.040968
0 0.658970 0.474860 0.056838 0.037244
0 0.539076 0.282123 0.033748 0.068901
0 0.603020 0.326816 0.033748 0.042831
0 0.602131 0.376164 0.031972 0.022346
0 0.397869 0.362197 0.010657 0.050279
0 0.451155 0.371508 0.021314 0.039106
