0 0.510657 0.148976 0.030195 0.074488
0 0.452043 0.372439 0.040853 0.059590
0 0.174956 0.425512 0.047957 0.031657
0 0.198934 0.459032 0.028419 0.035382
0 0.293961 0.620112 0.037300 0.033520
0 0.206927 0.637803 0.033748 0.042831
0 0.219361 0.851024 0.040853 0.085661
0 0.547957 0.824022 0.062167 0.065177
0 0.500888 0.822160 0.031972 0.035382
0 0.397869 0.866853 0.053286 0.031657
0 0.619893 0.666667 0.042629 0.029795
0 0.603020 0.403166 0.058615 0.057728
0 0.773535 0.251397 0.037300 0.055866
0 0.685613 0.125698 0.067496 0.057728
0 0.873890 0.565177 0.024867 0.039106
0 0.819716 0.766294 0.023091 0.039106
0 0.880107 0.716015 0.030195 0.031657
0 0.897869 0.682495 0.051510 0.035382
