0 0.316163 0.240223 0.071048 0.067039
0 0.160746 0.293296 0.051510 0.057728
0 0.252220 0.358473 0.053286 0.072626
0 0.401421 0.507449 0.078153 0.035382
0 0.450266 0.437616 0.030195 0.040968
0 0.493783 0.352886 0.021314 0.031657
0 0.550622 0.364060 0.024867 0.035382
0 0.615453 0.364991 0.037300 0.022346
0 0.871226 0.390130 0.047957 0.039106
0 0.541741 0.594041 0.039076 0.040968
0 0.668739 0.593110 0.019538 0.027933
0 0.570160 0.675047 0.024867 0.035382
0 0.363233 0.817505 0.047957 0.055866
0 0.252220 0.854749 0.056838 0.048417
0 0.582593 0.928305 0.039076 0.046555
0 0.196270 0.844507 0.023091 0.020484
0 0.143872 0.724395 0.024867 0.033520
0 0.227353 0.588454 0.039076 0.037244
0 0.131439 0.552142 0.031972 0.027933
0 0.111901 0.442272 0.017762 0.031657
0 0.124334 0.378957 0.028419 0.027933
0 0.010657 0.467412 0.021314 0.037244
0 0.019538 0.363128 0.039076 0.037244
