0 0.250444 0.347300 0.067496 0.061453
0 0.313499 0.283985 0.037300 0.042831
0 0.355240 0.337058 0.024867 0.033520
0 0.156306 0.287709 0.028419 0.035382
0 0.073712 0.419926 0.026643 0.027933
0 0.114565 0.437616 0.015986 0.026071
0 0.294849 0.448790 0.042629 0.037244
0 0.476909 0.429236 0.019538 0.027933
0 0.362345 0.652700 0.049734 0.042831
0 0.285968 0.676909 0.031972 0.031657
0 0.174956 0.988827 0.058615 0.018622
0 0.793961 0.148976 0.035524 0.059590
0 0.492007 0.126629 0.046181 0.040968
0 0.624334 0.015829 0.026643 0.031657
0 0.228242 0.007449 0.037300 0.014898
0 0.677620 0.315642 0.047957 0.042831
