0 0.354352 0.246741 0.030195 0.065177
0 0.114565 0.059590 0.079929 0.044693
0 0.210480 0.013035 0.026643 0.026071
0 0.484902 0.012104 0.014210 0.024209
0 0.623446 0.049348 0.028419 0.039106
0 0.251332 0.592179 0.062167 0.067039
0 0.333925 0.781192 0.039076 0.061453
0 0.445826 0.675978 0.053286 0.048417
0 0.650977 0.574488 0.051510 0.035382
0 0.566607 0.339851 0.021314 0.042831
0 0.649201 0.374302 0.069272 0.052142
0 0.400533 0.389199 0.026643 0.026071
0 0.014210 0.748603 0.028419 0.037244
0 0.779751 0.866853 0.042629 0.057728
0 0.646536 0.905959 0.028419 0.024209
