0 0.157194 0.736499 0.055062 0.031657
0 0.206927 0.669460 0.040853 0.035382
0 0.253996 0.669460 0.024867 0.039106
0 0.389876 0.642458 0.055062 0.052142
0 0.058615 0.497207 0.039076 0.044693
0 0.341918 0.377095 0.047957 0.050279
0 0.251332 0.434823 0.033748 0.039106
0 0.355240 0.027933 0.046181 0.055866
0 0.346359 0.152700 0.039076 0.063315
0 0.035524 0.345438 0.049734 0.098696
0 0.019538 0.425512 0.039076 0.057728
0 0.130551 0.349162 0.026643 0.057728
0 0.627886 0.414339 0.040853 0.065177
0 0.605684 0.243017 0.035524 0.046555
0 0.702487 0.124767 0.023091 0.044693
0 0.880107 0.548417 0.037300 0.050279
0 0.399645 0.891993 0.031972 0.037244
