0 0.021314 0.526071 0.042629 0.039106
0 0.269094 0.454376 0.037300 0.026071
0 0.423623 0.436685 0.069272 0.039106
0 0.413854 0.771881 0.060391 0.039106
0 0.461812 0.651769 0.024867 0.048417
0 0.397869 0.691806 0.021314 0.027933
0 0.559503 0.225326 0.035524 0.044693
0 0.533748 0.112663 0.047957 0.057728
0 0.476909 0.192737 0.037300 0.046555
0 0.665187 0.109870 0.079929 0.067039
0 0.312611 0.256052 0.053286 0.039106
0 0.179396 0.020484 0.031972 0.040968
0 0.112789 0.179702 0.033748 0.039106
0 0.138544 0.334264 0.035524 0.035382
0 0.856128 0.551210 0.049734 0.067039
