0 0.270870 0.522346 0.030195 0.046555
0 0.188277 0.445065 0.024867 0.037244
0 0.130551 0.500000 0.030195 0.046555
0 0.381883 0.773743 0.053286 0.042831
0 0.461812 0.598696 0.017762 0.020484
0 0.512433 0.575419 0.019538 0.037244
0 0.599467 0.604283 0.015986 0.035382
0 0.621670 0.520484 0.039076 0.031657
0 0.571936 0.347300 0.039076 0.039106
0 0.750444 0.164804 0.033748 0.039106
0 0.644760 0.314711 0.053286 0.044693
0 0.831261 0.296089 0.035524 0.048417
0 0.854352 0.326816 0.021314 0.046555
0 0.641208 0.081937 0.028419 0.029795
0 0.108348 0.874302 0.028419 0.057728
0 0.151865 0.830540 0.040853 0.040968
0 0.367673 0.899441 0.028419 0.022346
0 0.230018 0.897579 0.019538 0.026071
0 0.304618 0.795158 0.019538 0.037244
