0 0.307282 0.264432 0.049734 0.048417
0 0.230906 0.144320 0.046181 0.054004
0 0.111012 0.075419 0.040853 0.035382
0 0.207815 0.015829 0.021314 0.031657
0 0.469805 0.581937 0.033748 0.035382
0 0.190053 0.480447 0.039076 0.018622
0 0.192718 0.563315 0.030195 0.046555
0 0.111901 0.685289 0.056838 0.033520
0 0.469805 0.734637 0.015986 0.035382
0 0.591474 0.771881 0.063943 0.042831
0 0.659858 0.641527 0.037300 0.039106
0 0.243339 0.989758 0.028419 0.016760
0 0.775311 0.736499 0.026643 0.046555
0 0.722913 0.746741 0.028419 0.037244
0 0.725577 0.793296 0.030195 0.037244
0 0.611012 0.381750 0.028419 0.044693
0 0.698934 0.324953 0.023091 0.035382
0 0.669627 0.096834 0.017762 0.040968
0 0.732682 0.127561 0.019538 0.013035
0 0.816163 0.207635 0.037300 0.031657
0 0.829485 0.289572 0.021314 0.035382
0 0.854352 0.361266 0.031972 0.040968
0 0.966252 0.620112 0.028419 0.018622
