0 0.202487 0.058659 0.031972 0.027933
0 0.284192 0.271881 0.046181 0.055866
0 0.379218 0.541899 0.040853 0.052142
0 0.086146 0.828678 0.044405 0.059590
0 0.261989 0.724395 0.023091 0.022346
0 0.265542 0.571695 0.026643 0.026071
0 0.531083 0.836127 0.056838 0.089385
0 0.710480 0.955307 0.035524 0.048417
0 0.643872 0.180633 0.037300 0.037244
0 0.735346 0.112663 0.031972 0.039106
0 0.701599 0.209497 0.031972 0.020484
0 0.448490 0.365922 0.037300 0.065177
0 0.388099 0.432030 0.026643 0.044693
0 0.896980 0.226257 0.024867 0.027933
0 0.015986 0.320298 0.031972 0.063315
0 0.773535 0.384544 0.037300 0.035382
0 0.928952 0.363128 0.021314 0.029795
0 0.909414 0.307263 0.031972 0.026071
