0 0.142096 0.405959 0.039076 0.037244
0 0.196270 0.351955 0.033748 0.022346
0 0.198934 0.459032 0.056838 0.035382
0 0.190053 0.566108 0.024867 0.029795
0 0.039964 0.682495 0.030195 0.027933
0 0.012433 0.801676 0.024867 0.068901
0 0.242451 0.729981 0.030195 0.059590
0 0.127886 0.868715 0.039076 0.061453
0 0.579929 0.560521 0.062167 0.059590
0 0.697158 0.518622 0.026643 0.057728
0 0.705151 0.635009 0.063943 0.052142
0 0.496448 0.906890 0.069272 0.037244
0 0.482238 0.304469 0.033748 0.031657
0 0.525755 0.421788 0.021314 0.024209
0 0.351687 0.218808 0.010657 0.024209
0 0.337478 0.105214 0.024867 0.024209
0 0.396092 0.054935 0.028419 0.035382
0 0.730018 0.173184 0.021314 0.033520
0 0.666963 0.290503 0.023091 0.055866
0 0.695382 0.336127 0.023091 0.031657
0 0.989343 0.761639 0.017762 0.055866
0 0.952043 0.771881 0.010657 0.039106
0 0.280639 0.809125 0.028419 0.031657
0 0.341918 0.712291 0.015986 0.039106
0 0.359680 0.616387 0.030195 0.022346
