0 0.109236 0.196462 0.055062 0.057728
0 0.308171 0.125698 0.072824 0.080074
0 0.315275 0.010242 0.033748 0.020484
0 0.268206 0.005587 0.024867 0.011173
0 0.222913 0.005587 0.030195 0.011173
0 0.896092 0.547486 0.030195 0.048417
0 0.994671 0.734637 0.007105 0.068901
0 0.674067 0.634078 0.040853 0.024209
0 0.969805 0.755121 0.021314 0.035382
0 0.488455 0.294227 0.024867 0.048417
0 0.515098 0.260708 0.031972 0.040968
0 0.359680 0.214153 0.051510 0.029795
0 0.030195 0.730912 0.049734 0.061453
0 0.067496 0.554935 0.035524 0.029795
0 0.103020 0.475791 0.024867 0.031657
0 0.271758 0.756052 0.031972 0.052142
0 0.337478 0.703911 0.042629 0.033520
0 0.391652 0.905028 0.040853 0.033520
