0 0.078153 0.254190 0.031972 0.031657
0 0.142984 0.377095 0.047957 0.046555
0 0.553286 0.340782 0.037300 0.026071
0 0.160746 0.588454 0.076377 0.055866
0 0.190941 0.631285 0.055062 0.044693
0 0.445826 0.741155 0.049734 0.040968
0 0.470693 0.549348 0.031972 0.037244
0 0.206927 0.756983 0.033748 0.035382
0 0.150089 0.786778 0.030195 0.024209
0 0.175844 0.830540 0.028419 0.026071
0 0.243339 0.865922 0.028419 0.037244
0 0.880995 0.584730 0.049734 0.044693
0 0.977798 0.792365 0.040853 0.072626
0 0.572824 0.609870 0.033748 0.035382
0 0.410302 0.165736 0.035524 0.052142
0 0.380995 0.198324 0.030195 0.031657
0 0.477798 0.175978 0.028419 0.035382
0 0.440497 0.021415 0.024867 0.031657
0 0.546181 0.024209 0.019538 0.026071
