0 0.405861 0.262570 0.069272 0.044693
0 0.396092 0.297020 0.035524 0.031657
0 0.620782 0.390130 0.026643 0.031657
0 0.771758 0.430168 0.065719 0.067039
0 0.879218 0.561453 0.028419 0.035382
0 0.976021 0.756983 0.033748 0.046555
0 0.926288 0.767225 0.015986 0.029795
0 0.280639 0.519553 0.042629 0.040968
0 0.395204 0.595903 0.040853 0.022346
0 0.284192 0.671322 0.060391 0.057728
0 0.526643 0.731844 0.033748 0.081937
0 0.621670 0.726257 0.063943 0.044693
0 0.661634 0.684358 0.026643 0.031657
0 0.293073 0.837989 0.053286 0.048417
0 0.357904 0.841713 0.040853 0.044693
0 0.144760 0.617318 0.055062 0.039106
0 0.136767 0.951583 0.028419 0.063315
0 0.462700 0.659218 0.033748 0.044693
0 0.563055 0.540037 0.017762 0.033520
0 0.621670 0.599628 0.039076 0.026071
