0 0.231794 0.315642 0.065719 0.094972
0 0.549734 0.491620 0.044405 0.040968
0 0.544405 0.578212 0.037300 0.046555
0 0.544405 0.704842 0.069272 0.057728
0 0.192718 0.508380 0.030195 0.052142
0 0.133215 0.588454 0.028419 0.067039
0 0.634991 0.660149 0.026643 0.039106
0 0.695382 0.587523 0.033748 0.065177
0 0.738011 0.679702 0.026643 0.052142
0 0.895204 0.570764 0.028419 0.046555
0 0.898757 0.435754 0.024867 0.037244
0 0.990231 0.744879 0.015986 0.059590
0 0.685613 0.219739 0.042629 0.052142
0 0.430728 0.162942 0.033748 0.035382
0 0.698934 0.295158 0.037300 0.027933
0 0.754885 0.283985 0.021314 0.024209
0 0.611012 0.027933 0.028419 0.029795
