0 0.249556 0.005587 0.030195 0.011173
0 0.365009 0.012104 0.037300 0.024209
0 0.140320 0.027933 0.028419 0.026071
0 0.613677 0.050279 0.026643 0.026071
0 0.081705 0.081006 0.039076 0.035382
0 0.272647 0.109870 0.019538 0.026071
0 0.373002 0.130354 0.017762 0.014898
0 0.374778 0.148976 0.017762 0.026071
0 0.345471 0.154562 0.030195 0.026071
0 0.315275 0.166667 0.015986 0.024209
0 0.517762 0.190875 0.030195 0.024209
0 0.290409 0.235568 0.097691 0.080074
0 0.789520 0.245810 0.069272 0.052142
0 0.365897 0.250466 0.021314 0.024209
0 0.260213 0.282123 0.019538 0.016760
0 0.437833 0.283985 0.012433 0.016760
0 0.239787 0.323091 0.021314 0.024209
0 0.357904 0.325885 0.030195 0.022346
0 0.570160 0.350093 0.010657 0.018622
0 0.490231 0.354749 0.035524 0.083799
0 0.374778 0.388268 0.031972 0.039106
0 0.134103 0.389199 0.012433 0.014898
0 0.143872 0.392924 0.014210 0.014898
0 0.242451 0.404097 0.019538 0.022346
0 0.123446 0.407821 0.033748 0.033520
0 0.211368 0.411546 0.028419 0.026071
0 0.058615 0.412477 0.014210 0.020484
0 0.615453 0.421788 0.015986 0.020484
0 0.589698 0.426443 0.017762 0.018622
0 0.200710 0.437616 0.028419 0.029795
0 0.581705 0.459032 0.047957 0.035382
0 0.145648 0.472067 0.031972 0.057728
0 0.071936 0.507449 0.026643 0.027933
0 0.580817 0.528864 0.021314 0.018622
0 0.179396 0.545624 0.031972 0.022346
0 0.716696 0.558659 0.065719 0.044693
0 0.906750 0.568901 0.037300 0.050279
0 0.260213 0.598696 0.040853 0.031657
0 0.139432 0.606145 0.015986 0.039106
0 0.594139 0.608007 0.019538 0.031657
0 0.102131 0.669460 0.044405 0.042831
0 0.877442 0.669460 0.031972 0.031657
0 0.600355 0.696462 0.017762 0.033520
0 0.310835 0.744879 0.017762 0.026071
0 0.395204 0.775605 0.023091 0.016760
0 0.117229 0.783054 0.017762 0.031657
0 0.019538 0.821229 0.039076 0.037244
0 0.436945 0.898510 0.028419 0.027933
0 0.398757 0.904097 0.019538 0.024209
0 0.314387 0.915270 0.021314 0.024209
0 0.738899 0.962756 0.021314 0.022346
0 0.284192 0.993482 0.021314 0.009311
