0 0.088810 0.346369 0.078153 0.070764
0 0.341030 0.283985 0.063943 0.061453
0 0.349911 0.090317 0.042629 0.046555
0 0.223801 0.157356 0.046181 0.050279
0 0.202487 0.447858 0.035524 0.042831
0 0.458259 0.624767 0.056838 0.068901
0 0.246892 0.727188 0.060391 0.050279
0 0.325044 0.672253 0.021314 0.022346
0 0.322380 0.757914 0.030195 0.044693
0 0.612789 0.029795 0.039076 0.037244
0 0.483126 0.387337 0.017762 0.026071
0 0.735346 0.256052 0.028419 0.046555
0 0.678508 0.547486 0.031972 0.026071
0 0.805506 0.765363 0.037300 0.048417
0 0.486679 0.907821 0.024867 0.035382
