0 0.300178 0.337989 0.021314 0.061453
0 0.298401 0.007449 0.024867 0.014898
0 0.338366 0.008380 0.030195 0.016760
0 0.213144 0.428305 0.049734 0.037244
0 0.401421 0.515829 0.031972 0.026071
0 0.571936 0.437616 0.046181 0.040968
0 0.634103 0.356611 0.042629 0.057728
0 0.553286 0.272812 0.026643 0.039106
0 0.447602 0.275605 0.031972 0.040968
0 0.572824 0.303538 0.026643 0.026071
0 0.337478 0.214153 0.024867 0.018622
0 0.153641 0.636872 0.047957 0.048417
0 0.144760 0.737430 0.051510 0.044693
0 0.269982 0.812849 0.063943 0.046555
0 0.183837 0.852886 0.037300 0.048417
0 0.695382 0.659218 0.026643 0.033520
0 0.695382 0.735568 0.030195 0.033520
0 0.405861 0.833333 0.023091 0.031657
0 0.136767 0.501862 0.024867 0.024209
0 0.083481 0.697393 0.028419 0.031657
0 0.290409 0.616387 0.023091 0.026071
