0 0.139432 0.613594 0.072824 0.046555
0 0.205151 0.641527 0.044405 0.039106
0 0.196270 0.716946 0.051510 0.040968
0 0.385435 0.521415 0.028419 0.026071
0 0.025755 0.293296 0.030195 0.054004
0 0.373002 0.112663 0.039076 0.054004
0 0.253108 0.013966 0.030195 0.027933
0 0.187389 0.013966 0.033748 0.027933
0 0.495560 0.648045 0.035524 0.044693
0 0.507993 0.626629 0.031972 0.046555
0 0.565719 0.685289 0.033748 0.052142
0 0.647425 0.820298 0.062167 0.046555
0 0.129663 0.837989 0.042629 0.040968
0 0.214920 0.976723 0.028419 0.035382
0 0.633215 0.993482 0.033748 0.009311
0 0.072824 0.186220 0.028419 0.040968
0 0.460924 0.302607 0.026643 0.024209
0 0.259325 0.205773 0.031972 0.024209
