0 0.499112 0.013035 0.031972 0.026071
0 0.566607 0.031657 0.028419 0.029795
0 0.633215 0.041899 0.033748 0.031657
0 0.769094 0.156425 0.039076 0.055866
0 0.587922 0.201117 0.039076 0.040968
0 0.323268 0.204842 0.028419 0.037244
0 0.687389 0.227188 0.042629 0.067039
0 0.148313 0.230912 0.040853 0.037244
0 0.202487 0.273743 0.035524 0.029795
0 0.197158 0.319367 0.024867 0.035382
0 0.731794 0.338920 0.035524 0.037244
0 0.430728 0.346369 0.030195 0.044693
0 0.105684 0.350093 0.037300 0.059590
0 0.665187 0.430168 0.037300 0.044693
0 0.596803 0.445996 0.049734 0.057728
0 0.287744 0.462756 0.063943 0.072626
0 0.765542 0.462756 0.031972 0.061453
0 0.627886 0.560521 0.040853 0.052142
0 0.101243 0.615456 0.042629 0.039106
0 0.319716 0.702048 0.028419 0.037244
0 0.884547 0.706704 0.031972 0.039106
0 0.137655 0.810056 0.037300 0.029795
0 0.216696 0.855680 0.042629 0.035382
