0 0.531083 0.193669 0.035524 0.052142
0 0.277087 0.202048 0.042629 0.031657
0 0.401421 0.303538 0.039076 0.048417
0 0.247780 0.335196 0.026643 0.048417
0 0.073712 0.380819 0.023091 0.035382
0 0.670515 0.387337 0.037300 0.040968
0 0.864121 0.438547 0.033748 0.031657
0 0.198934 0.452514 0.028419 0.033520
0 0.515986 0.468343 0.037300 0.061453
0 0.023091 0.470205 0.028419 0.039106
0 0.406750 0.513035 0.031972 0.031657
0 0.644760 0.514898 0.039076 0.035382
0 0.240675 0.552142 0.037300 0.035382
0 0.206039 0.778399 0.031972 0.048417
0 0.441385 0.799814 0.040853 0.035382
0 0.685613 0.917132 0.039076 0.057728
0 0.042629 0.941341 0.031972 0.039106
0 0.250444 0.987896 0.042629 0.020484
0 0.094139 0.985102 0.035524 0.026071
