0 0.330373 0.011173 0.039076 0.022346
0 0.265542 0.013966 0.044405 0.027933
0 0.301066 0.192737 0.026643 0.031657
0 0.430728 0.239292 0.026643 0.031657
0 0.683837 0.292365 0.028419 0.026071
0 0.730018 0.377095 0.031972 0.050279
0 0.134103 0.381750 0.037300 0.022346
0 0.468028 0.400372 0.047957 0.029795
0 0.650977 0.401304 0.044405 0.042831
0 0.225577 0.404097 0.031972 0.026071
0 0.117229 0.483240 0.021314 0.035382
0 0.389876 0.540968 0.044405 0.061453
0 0.675844 0.547486 0.040853 0.044693
0 0.077265 0.630354 0.037300 0.031657
0 0.115453 0.669460 0.028419 0.027933
0 0.695382 0.972998 0.026643 0.031657
