0 0.615453 0.177840 0.062167 0.042831
0 0.531972 0.160149 0.058615 0.070764
0 0.760213 0.140596 0.067496 0.046555
0 0.714920 0.260708 0.065719 0.067039
0 0.607460 0.312849 0.042629 0.048417
0 0.552398 0.465549 0.039076 0.078212
0 0.290409 0.136872 0.058615 0.039106
0 0.184725 0.226257 0.060391 0.080074
0 0.563943 0.548417 0.047957 0.050279
0 0.380995 0.820298 0.040853 0.046555
0 0.164298 0.714153 0.026643 0.046555
0 0.114565 0.753259 0.044405 0.035382
0 0.698934 0.453445 0.055062 0.035382
0 0.960036 0.619181 0.033748 0.035382
0 0.665187 0.554935 0.030195 0.037244
0 0.504440 0.487896 0.042629 0.037244
0 0.491119 0.364060 0.033748 0.042831
0 0.410302 0.230912 0.035524 0.029795
0 0.399645 0.135009 0.042629 0.035382
0 0.488455 0.007449 0.031972 0.014898
0 0.460924 0.054935 0.030195 0.035382
0 0.620782 0.794227 0.023091 0.027933
0 0.774423 0.427374 0.021314 0.042831
0 0.846359 0.350093 0.019538 0.026071
0 0.793961 0.345438 0.021314 0.031657
0 0.794849 0.311918 0.030195 0.027933
0 0.165187 0.921788 0.035524 0.040968
0 0.271758 0.540037 0.017762 0.014898
0 0.351687 0.635009 0.031972 0.029795
0 0.460924 0.574488 0.026643 0.035382
0 0.422735 0.478585 0.021314 0.018622
0 0.426288 0.451583 0.042629 0.035382
0 0.357904 0.434823 0.026643 0.016760
0 0.226465 0.445996 0.026643 0.027933
0 0.010657 0.437616 0.021314 0.040968
0 0.062167 0.318436 0.021314 0.018622
