0 0.481350 0.009311 0.031972 0.018622
0 0.660746 0.068901 0.035524 0.044693
0 0.712256 0.110801 0.046181 0.039106
0 0.390764 0.134078 0.035524 0.063315
0 0.302842 0.203911 0.040853 0.039106
0 0.487567 0.243948 0.051510 0.040968
0 0.137655 0.368715 0.026643 0.040968
0 0.072824 0.404097 0.039076 0.037244
0 0.181172 0.429236 0.035524 0.039106
0 0.644760 0.468343 0.039076 0.046555
0 0.108348 0.495345 0.024867 0.040968
0 0.236234 0.515829 0.056838 0.055866
0 0.090586 0.563315 0.049734 0.057728
0 0.290409 0.665736 0.030195 0.039106
0 0.775311 0.689013 0.040853 0.040968
0 0.721137 0.709497 0.039076 0.033520
0 0.246004 0.721601 0.023091 0.039106
0 0.679396 0.789572 0.026643 0.037244
0 0.765542 0.869646 0.031972 0.029795
