0 0.017762 0.109870 0.035524 0.063315
0 0.153641 0.159218 0.051510 0.050279
0 0.686501 0.216015 0.058615 0.070764
0 0.114565 0.221601 0.044405 0.055866
0 0.099467 0.400372 0.024867 0.040968
0 0.049734 0.424581 0.028419 0.029795
0 0.103020 0.440410 0.031972 0.042831
0 0.172291 0.454376 0.035524 0.052142
0 0.723801 0.490689 0.037300 0.050279
0 0.661634 0.586592 0.030195 0.040968
0 0.843694 0.593110 0.081705 0.050279
0 0.295737 0.598696 0.026643 0.042831
0 0.093250 0.664804 0.037300 0.037244
0 0.659858 0.682495 0.033748 0.046555
0 0.317940 0.684358 0.031972 0.050279
0 0.670515 0.741155 0.044405 0.033520
0 0.039964 0.850093 0.047957 0.061453
0 0.200710 0.932961 0.056838 0.033520
