0 0.479574 0.035382 0.053286 0.070764
0 0.621670 0.054935 0.053286 0.054004
0 0.782416 0.185289 0.058615 0.054004
0 0.374778 0.195531 0.060391 0.055866
0 0.457371 0.234637 0.044405 0.052142
0 0.285968 0.257914 0.074600 0.068901
0 0.671403 0.290503 0.056838 0.059590
0 0.432504 0.322160 0.051510 0.059590
0 0.536412 0.330540 0.063943 0.068901
0 0.317940 0.384544 0.060391 0.042831
0 0.010657 0.430168 0.021314 0.063315
0 0.556838 0.433892 0.040853 0.052142
0 0.171403 0.453445 0.044405 0.057728
0 0.692718 0.477654 0.053286 0.065177
0 0.574600 0.533520 0.033748 0.046555
0 0.820604 0.563315 0.081705 0.057728
0 0.111901 0.577281 0.046181 0.059590
0 0.304618 0.585661 0.058615 0.057728
0 0.563055 0.658287 0.053286 0.061453
0 0.778863 0.668529 0.040853 0.063315
0 0.655417 0.759777 0.060391 0.052142
0 0.338366 0.793296 0.047957 0.078212
0 0.215808 0.835196 0.044405 0.054004
0 0.634991 0.926443 0.055062 0.065177
