0 0.222913 0.007449 0.055062 0.014898
0 0.316163 0.006518 0.056838 0.013035
0 0.437833 0.024209 0.058615 0.048417
0 0.601243 0.046555 0.030195 0.040968
0 0.367673 0.063315 0.024867 0.037244
0 0.264654 0.093110 0.042629 0.037244
0 0.741563 0.133147 0.044405 0.035382
0 0.248668 0.159218 0.039076 0.024209
0 0.410302 0.199255 0.042629 0.037244
0 0.352575 0.210428 0.033748 0.052142
0 0.435169 0.274674 0.063943 0.057728
0 0.343694 0.287709 0.051510 0.054004
0 0.395204 0.297020 0.037300 0.027933
0 0.509769 0.324022 0.046181 0.052142
0 0.354352 0.333333 0.037300 0.033520
0 0.845471 0.342644 0.049734 0.037244
0 0.263766 0.407821 0.030195 0.033520
0 0.333037 0.414339 0.044405 0.039106
0 0.144760 0.452514 0.033748 0.033520
0 0.821492 0.472067 0.047957 0.061453
0 0.230906 0.481378 0.035524 0.042831
0 0.593250 0.488827 0.042629 0.057728
0 0.698046 0.518622 0.039076 0.042831
0 0.356128 0.594972 0.065719 0.057728
0 0.820604 0.609870 0.071048 0.068901
0 0.337478 0.738361 0.053286 0.072626
0 0.120782 0.793296 0.046181 0.040968
0 0.370337 0.810056 0.058615 0.059590
0 0.206927 0.983240 0.033748 0.029795
0 0.468028 0.991620 0.047957 0.013035
