0 0.246004 0.012104 0.040853 0.024209
0 0.327709 0.014898 0.033748 0.029795
0 0.272647 0.021415 0.033748 0.042831
0 0.471581 0.041899 0.047957 0.054004
0 0.359680 0.043762 0.023091 0.031657
0 0.619893 0.079143 0.035524 0.039106
0 0.393428 0.165736 0.058615 0.055866
0 0.734458 0.176909 0.051510 0.067039
0 0.488455 0.189013 0.046181 0.046555
0 0.376554 0.223464 0.042629 0.048417
0 0.334813 0.236499 0.030195 0.029795
0 0.810835 0.246741 0.044405 0.046555
0 0.720249 0.324022 0.055062 0.037244
0 0.308171 0.330540 0.040853 0.050279
0 0.522202 0.346369 0.042629 0.044693
0 0.628774 0.380819 0.035524 0.039106
0 0.406750 0.399441 0.024867 0.035382
0 0.310835 0.450652 0.039076 0.029795
0 0.280639 0.490689 0.021314 0.042831
0 0.539964 0.598696 0.031972 0.054004
0 0.214920 0.610801 0.049734 0.059590
0 0.318828 0.612663 0.044405 0.081937
0 0.177620 0.639665 0.028419 0.050279
0 0.660746 0.647114 0.035524 0.046555
0 0.402309 0.667598 0.040853 0.031657
0 0.314387 0.707635 0.046181 0.033520
0 0.749556 0.712291 0.053286 0.087523
0 0.341918 0.753259 0.065719 0.054004
0 0.014210 0.811918 0.028419 0.040968
0 0.400533 0.822160 0.037300 0.046555
0 0.742451 0.865922 0.049734 0.067039
