0 0.460036 0.012104 0.035524 0.024209
0 0.521314 0.025140 0.040853 0.050279
0 0.559503 0.042831 0.035524 0.067039
0 0.609236 0.050279 0.028419 0.048417
0 0.218472 0.055866 0.060391 0.037244
0 0.650977 0.056797 0.033748 0.042831
0 0.373890 0.189944 0.055062 0.044693
0 0.401421 0.260708 0.042629 0.040968
0 0.259325 0.272812 0.039076 0.042831
0 0.208703 0.281192 0.037300 0.040968
0 0.518650 0.318436 0.035524 0.033520
0 0.412078 0.333333 0.053286 0.070764
0 0.160746 0.358473 0.040853 0.046555
0 0.551510 0.383613 0.037300 0.044693
0 0.679396 0.385475 0.079929 0.048417
0 0.119005 0.425512 0.046181 0.042831
0 0.555062 0.447858 0.044405 0.061453
0 0.453819 0.596834 0.037300 0.050279
0 0.138544 0.627561 0.049734 0.067039
0 0.769982 0.644320 0.058615 0.052142
0 0.702487 0.689013 0.065719 0.055866
0 0.228242 0.690875 0.040853 0.033520
0 0.215808 0.733706 0.044405 0.052142
0 0.117229 0.756052 0.042629 0.044693
0 0.034636 0.825885 0.037300 0.042831
0 0.641208 0.864991 0.092362 0.072626
0 0.514210 0.873371 0.051510 0.052142
