0 0.349023 0.165736 0.040853 0.033520
0 0.358792 0.229050 0.042629 0.033520
0 0.005329 0.231844 0.010657 0.035382
0 0.761989 0.279330 0.042629 0.048417
0 0.740675 0.325885 0.042629 0.037244
0 0.686501 0.326816 0.033748 0.039106
0 0.792185 0.364060 0.039076 0.031657
0 0.564831 0.404097 0.042629 0.037244
0 0.793073 0.441341 0.040853 0.037244
0 0.181172 0.491620 0.024867 0.033520
0 0.587922 0.495345 0.031972 0.040968
0 0.660746 0.519553 0.035524 0.033520
0 0.611012 0.566108 0.031972 0.037244
0 0.113677 0.594972 0.031972 0.027933
0 0.473357 0.594972 0.051510 0.057728
0 0.676732 0.605214 0.024867 0.048417
0 0.043517 0.606145 0.033748 0.031657
0 0.295737 0.651769 0.044405 0.037244
0 0.522202 0.712291 0.042629 0.031657
0 0.639432 0.739292 0.063943 0.044693
0 0.781528 0.756052 0.053286 0.063315
0 0.386323 0.797020 0.030195 0.029795
0 0.669627 0.868715 0.053286 0.046555
