0 0.508881 0.030726 0.051510 0.061453
0 0.356128 0.189944 0.030195 0.037244
0 0.442274 0.348231 0.031972 0.029795
0 0.536412 0.364060 0.046181 0.042831
0 0.651865 0.384544 0.042629 0.054004
0 0.486679 0.435754 0.035524 0.052142
0 0.664298 0.454376 0.042629 0.044693
0 0.017762 0.549348 0.035524 0.055866
0 0.928952 0.552142 0.039076 0.046555
0 0.346359 0.594972 0.053286 0.039106
0 0.928064 0.605214 0.044405 0.059590
0 0.481350 0.607076 0.039076 0.052142
0 0.256661 0.647114 0.079929 0.065177
0 0.768206 0.657356 0.055062 0.067039
0 0.513321 0.721601 0.049734 0.076350
0 0.691829 0.821229 0.026643 0.033520
0 0.504440 0.846369 0.049734 0.076350
0 0.656306 0.848231 0.044405 0.057728
0 0.157194 0.855680 0.047957 0.046555
0 0.565719 0.892924 0.040853 0.057728
0 0.190941 0.904097 0.065719 0.054004
0 0.101243 0.927374 0.053286 0.059590
