0 0.368561 0.009311 0.079929 0.018622
0 0.121670 0.013035 0.047957 0.026071
0 0.136767 0.184358 0.046181 0.033520
0 0.586146 0.221601 0.063943 0.055866
0 0.648313 0.264432 0.035524 0.055866
0 0.530195 0.285847 0.033748 0.061453
0 0.449378 0.364060 0.031972 0.031657
0 0.222025 0.433892 0.028419 0.029795
0 0.459147 0.435754 0.033748 0.026071
0 0.554174 0.439479 0.035524 0.059590
0 0.065719 0.498138 0.046181 0.057728
0 0.097691 0.567970 0.046181 0.055866
0 0.513321 0.756983 0.049734 0.046555
0 0.467140 0.775605 0.046181 0.061453
0 0.252220 0.813780 0.046181 0.044693
