0 0.566607 0.020484 0.035524 0.033520
0 0.522202 0.102421 0.035524 0.037244
0 0.265542 0.163873 0.051510 0.052142
0 0.377442 0.227188 0.055062 0.055866
0 0.887211 0.275605 0.033748 0.052142
0 0.658970 0.337989 0.042629 0.042831
0 0.157194 0.345438 0.023091 0.039106
0 0.604796 0.383613 0.037300 0.040968
0 0.077265 0.392924 0.051510 0.044693
0 0.538188 0.412477 0.039076 0.054004
0 0.157194 0.432030 0.023091 0.044693
0 0.650977 0.433892 0.040853 0.048417
0 0.065719 0.467412 0.042629 0.040968
0 0.715808 0.467412 0.039076 0.040968
0 0.233570 0.469274 0.023091 0.029795
0 0.753996 0.482309 0.040853 0.044693
0 0.166963 0.490689 0.035524 0.024209
0 0.129663 0.502793 0.021314 0.029795
0 0.623446 0.532588 0.039076 0.044693
0 0.430728 0.566108 0.026643 0.037244
0 0.099467 0.610801 0.024867 0.059590
0 0.571048 0.625698 0.044405 0.033520
0 0.025755 0.667598 0.051510 0.042831
0 0.115453 0.676909 0.039076 0.061453
0 0.726465 0.698324 0.031972 0.029795
0 0.512433 0.713222 0.047957 0.048417
0 0.931616 0.738361 0.037300 0.035382
0 0.277087 0.746741 0.031972 0.033520
0 0.347247 0.755121 0.023091 0.039106
0 0.878330 0.768156 0.026643 0.046555
0 0.903197 0.810056 0.040853 0.037244
0 0.138544 0.812849 0.031972 0.035382
0 0.904085 0.843575 0.024867 0.022346
0 0.377442 0.891993 0.072824 0.055866
0 0.458259 0.905959 0.039076 0.061453
0 0.730906 0.986965 0.058615 0.022346
0 0.388988 0.989758 0.060391 0.016760
