0 0.189165 0.024209 0.051510 0.048417
0 0.519538 0.199255 0.040853 0.037244
0 0.172291 0.208566 0.049734 0.048417
0 0.374778 0.213222 0.024867 0.027933
0 0.647425 0.255121 0.037300 0.048417
0 0.391652 0.269088 0.026643 0.024209
0 0.562167 0.294227 0.019538 0.026071
0 0.498224 0.308194 0.026643 0.024209
0 0.106572 0.361266 0.024867 0.029795
0 0.564831 0.364991 0.049734 0.067039
0 0.004440 0.398510 0.008881 0.033520
0 0.166075 0.441341 0.040853 0.033520
0 0.005329 0.525140 0.010657 0.040968
0 0.359680 0.548417 0.058615 0.080074
0 0.274423 0.567970 0.076377 0.081937
0 0.639432 0.592179 0.024867 0.033520
0 0.667851 0.625698 0.024867 0.029795
0 0.173179 0.678771 0.026643 0.027933
0 0.643872 0.689013 0.026643 0.026071
0 0.092362 0.740223 0.042629 0.050279
0 0.415631 0.759777 0.042629 0.048417
0 0.222913 0.786778 0.019538 0.035382
0 0.465364 0.838920 0.035524 0.027933
