0 0.461812 0.009311 0.035524 0.018622
0 0.605684 0.026071 0.021314 0.029795
0 0.642984 0.048417 0.024867 0.037244
0 0.374778 0.135940 0.031972 0.037244
0 0.432504 0.156425 0.026643 0.033520
0 0.643872 0.176909 0.065719 0.048417
0 0.401421 0.211359 0.035524 0.031657
0 0.852575 0.256983 0.046181 0.048417
0 0.645648 0.375233 0.030195 0.046555
0 0.214920 0.405028 0.028419 0.035382
0 0.305506 0.425512 0.024867 0.039106
0 0.273535 0.502793 0.042629 0.048417
0 0.378330 0.528864 0.042629 0.040968
0 0.323268 0.547486 0.017762 0.033520
0 0.634103 0.567970 0.039076 0.070764
0 0.610124 0.604283 0.033748 0.035382
0 0.179396 0.658287 0.028419 0.035382
0 0.557726 0.659218 0.028419 0.033520
0 0.667851 0.684358 0.028419 0.035382
0 0.651865 0.753259 0.060391 0.054004
0 0.465364 0.833333 0.049734 0.046555
0 0.296625 0.834264 0.035524 0.037244
0 0.241563 0.976723 0.078153 0.042831
