0 0.545293 0.154562 0.060391 0.037244
0 0.764654 0.193669 0.023091 0.048417
0 0.183837 0.337058 0.030195 0.037244
0 0.166075 0.503724 0.030195 0.046555
0 0.649201 0.512104 0.047957 0.037244
0 0.320604 0.573557 0.040853 0.048417
0 0.207815 0.583799 0.042629 0.031657
0 0.259325 0.617318 0.028419 0.046555
0 0.148313 0.635009 0.044405 0.040968
0 0.465364 0.688082 0.046181 0.057728
0 0.630551 0.691806 0.042629 0.035382
0 0.556838 0.784916 0.047957 0.039106
0 0.463588 0.786778 0.035524 0.046555
0 0.303730 0.880819 0.056838 0.063315
0 0.222913 0.918994 0.026643 0.050279
0 0.019538 0.980447 0.039076 0.035382
