0 0.281528 0.151769 0.051510 0.046555
0 0.394316 0.159218 0.046181 0.027933
0 0.426288 0.200186 0.042629 0.039106
0 0.719361 0.238361 0.053286 0.096834
0 0.443162 0.252328 0.051510 0.031657
0 0.710480 0.454376 0.035524 0.044693
0 0.117229 0.527933 0.031972 0.035382
0 0.699822 0.569832 0.028419 0.052142
0 0.411190 0.635940 0.062167 0.042831
0 0.224689 0.646182 0.051510 0.052142
0 0.678508 0.689013 0.042629 0.044693
0 0.551510 0.727188 0.047957 0.054004
0 0.873002 0.842644 0.051510 0.031657
0 0.246004 0.845438 0.037300 0.033520
0 0.451155 0.869646 0.046181 0.048417
0 0.785968 0.958101 0.037300 0.042831
