0 0.534636 0.121974 0.039076 0.035382
0 0.297513 0.161080 0.030195 0.035382
0 0.412078 0.192737 0.035524 0.042831
0 0.645648 0.255121 0.062167 0.048417
0 0.542629 0.405959 0.033748 0.026071
0 0.267318 0.428305 0.047957 0.037244
0 0.277975 0.469274 0.037300 0.029795
0 0.301954 0.538175 0.021314 0.026071
0 0.363233 0.561453 0.037300 0.031657
0 0.046181 0.658287 0.049734 0.050279
0 0.344583 0.664804 0.049734 0.033520
0 0.695382 0.822160 0.051510 0.054004
0 0.652753 0.896648 0.037300 0.046555
0 0.253996 0.943203 0.056838 0.046555
0 0.530195 0.991620 0.047957 0.013035
