0 0.325044 0.086592 0.024867 0.031657
0 0.401421 0.102421 0.031972 0.029795
0 0.491119 0.123836 0.026643 0.042831
0 0.365009 0.158287 0.030195 0.029795
0 0.493783 0.277467 0.046181 0.048417
0 0.277087 0.322160 0.042629 0.055866
0 0.599467 0.483240 0.069272 0.102421
0 0.277087 0.524209 0.028419 0.031657
0 0.339254 0.524209 0.031972 0.035382
0 0.098579 0.558659 0.033748 0.033520
0 0.524867 0.583799 0.019538 0.031657
0 0.555062 0.600559 0.030195 0.027933
0 0.269094 0.697393 0.023091 0.039106
0 0.491119 0.702980 0.030195 0.031657
0 0.653641 0.878026 0.042629 0.057728
0 0.696270 0.945996 0.031972 0.037244
0 0.673179 0.964618 0.021314 0.040968
0 0.647425 0.985102 0.030195 0.026071
