0 0.528419 0.031657 0.072824 0.063315
0 0.600355 0.110801 0.063943 0.042831
0 0.423623 0.146182 0.047957 0.027933
0 0.609236 0.162942 0.031972 0.042831
0 0.383659 0.222533 0.042629 0.039106
0 0.486679 0.236499 0.042629 0.044693
0 0.749556 0.243948 0.039076 0.037244
0 0.666075 0.253259 0.046181 0.040968
0 0.753108 0.309125 0.042629 0.040968
0 0.479574 0.344507 0.046181 0.063315
0 0.444050 0.454376 0.028419 0.048417
0 0.192718 0.459963 0.047957 0.040968
0 0.006217 0.486965 0.012433 0.042831
0 0.812611 0.503724 0.037300 0.076350
0 0.373890 0.548417 0.058615 0.050279
0 0.477798 0.608007 0.028419 0.035382
0 0.194494 0.632216 0.055062 0.046555
0 0.545293 0.632216 0.042629 0.046555
0 0.789520 0.662942 0.065719 0.048417
0 0.641208 0.689944 0.028419 0.035382
0 0.395204 0.749534 0.051510 0.065177
0 0.686501 0.769088 0.030195 0.040968
0 0.487567 0.894786 0.072824 0.080074
0 0.682060 0.898510 0.028419 0.050279
0 0.679396 0.959032 0.030195 0.029795
