0 0.498224 0.081006 0.047957 0.035382
0 0.505329 0.149907 0.030195 0.024209
0 0.437833 0.152700 0.033748 0.055866
0 0.133215 0.162942 0.031972 0.031657
0 0.394316 0.168529 0.039076 0.057728
0 0.175844 0.252328 0.024867 0.027933
0 0.023979 0.301676 0.040853 0.037244
0 0.133215 0.337058 0.035524 0.033520
0 0.407638 0.464618 0.033748 0.046555
0 0.286856 0.492551 0.051510 0.057728
0 0.033748 0.521415 0.067496 0.100559
0 0.590586 0.637803 0.037300 0.054004
0 0.182060 0.677840 0.033748 0.044693
0 0.512433 0.837058 0.040853 0.046555
0 0.442274 0.849162 0.056838 0.033520
0 0.083481 0.987896 0.031972 0.020484
