0 0.205151 0.079143 0.044405 0.046555
0 0.463588 0.097765 0.056838 0.076350
0 0.564831 0.167598 0.056838 0.055866
0 0.392540 0.176909 0.046181 0.048417
0 0.642096 0.198324 0.069272 0.042831
0 0.126110 0.215084 0.046181 0.039106
0 0.250444 0.234637 0.042629 0.040968
0 0.062167 0.298883 0.031972 0.046555
0 0.617229 0.417132 0.044405 0.052142
0 0.529307 0.483240 0.056838 0.057728
0 0.635879 0.484171 0.046181 0.037244
0 0.521314 0.540968 0.040853 0.039106
0 0.237123 0.551210 0.037300 0.040968
0 0.031972 0.837058 0.039076 0.039106
