0 0.172291 0.005587 0.071048 0.011173
0 0.593250 0.034451 0.039076 0.020484
0 0.680284 0.062384 0.035524 0.042831
0 0.104796 0.093110 0.067496 0.074488
0 0.540853 0.105214 0.033748 0.031657
0 0.174956 0.169460 0.044405 0.044693
0 0.132327 0.401304 0.044405 0.039106
0 0.094139 0.417132 0.031972 0.029795
0 0.826821 0.469274 0.030195 0.063315
0 0.200710 0.485102 0.046181 0.057728
0 0.777087 0.518622 0.040853 0.050279
0 0.373890 0.529795 0.044405 0.057728
0 0.557726 0.632216 0.039076 0.042831
0 0.653641 0.818436 0.035524 0.061453
