0 0.404085 0.193669 0.033748 0.037244
0 0.116341 0.215084 0.033748 0.046555
0 0.851687 0.238361 0.044405 0.052142
0 0.741563 0.269088 0.040853 0.054004
0 0.863233 0.277467 0.042629 0.048417
0 0.689165 0.286778 0.039076 0.070764
0 0.160746 0.459963 0.044405 0.044693
0 0.787744 0.557728 0.065719 0.091248
0 0.057726 0.580074 0.072824 0.083799
0 0.273535 0.659218 0.024867 0.055866
0 0.315275 0.664804 0.044405 0.044693
0 0.119893 0.750466 0.033748 0.059590
0 0.228242 0.797020 0.044405 0.052142
0 0.109236 0.876164 0.037300 0.046555
0 0.603908 0.925512 0.028419 0.033520
