0 0.215808 0.118250 0.026643 0.027933
0 0.567496 0.189013 0.012433 0.027933
0 0.395204 0.205773 0.033748 0.035382
0 0.841918 0.252328 0.049734 0.054004
0 0.366785 0.262570 0.037300 0.048417
0 0.578153 0.280261 0.030195 0.024209
0 0.211368 0.317505 0.035524 0.050279
0 0.760213 0.440410 0.028419 0.024209
0 0.787744 0.467412 0.044405 0.055866
0 0.336590 0.476723 0.037300 0.040968
0 0.089698 0.525140 0.026643 0.026071
0 0.503552 0.572626 0.033748 0.046555
0 0.680284 0.588454 0.060391 0.048417
0 0.419183 0.630354 0.063943 0.046555
0 0.217584 0.637803 0.019538 0.027933
0 0.608348 0.709497 0.026643 0.026071
0 0.661634 0.728119 0.023091 0.033520
0 0.248668 0.784916 0.024867 0.020484
0 0.222025 0.815642 0.014210 0.022346
0 0.714032 0.839851 0.035524 0.040968
0 0.269982 0.859404 0.014210 0.020484
