0 0.424512 0.037244 0.021314 0.018622
0 0.334813 0.135009 0.012433 0.020484
0 0.363233 0.153631 0.023091 0.020484
0 0.403197 0.155493 0.024867 0.024209
0 0.369449 0.208566 0.024867 0.033520
0 0.492007 0.243948 0.028419 0.026071
0 0.560391 0.404097 0.033748 0.048417
0 0.409414 0.439479 0.033748 0.040968
0 0.409414 0.530726 0.033748 0.048417
0 0.016874 0.536313 0.023091 0.037244
0 0.658970 0.547486 0.031972 0.033520
0 0.765542 0.628492 0.049734 0.042831
0 0.082593 0.652700 0.023091 0.027933
0 0.522202 0.746741 0.046181 0.067039
0 0.414742 0.756983 0.044405 0.031657
0 0.271758 0.774674 0.042629 0.052142
0 0.079041 0.779330 0.051510 0.039106
0 0.096803 0.895717 0.037300 0.026071
0 0.135879 0.917132 0.019538 0.013035
0 0.047957 0.919926 0.017762 0.029795
0 0.370337 0.922719 0.037300 0.050279
0 0.235346 0.972067 0.044405 0.037244
0 0.521314 0.976723 0.030195 0.027933
