0 0.435169 0.136872 0.028419 0.035382
0 0.268206 0.255121 0.028419 0.026071
0 0.747780 0.295158 0.074600 0.039106
0 0.292185 0.312849 0.026643 0.026071
0 0.828597 0.314711 0.023091 0.026071
0 0.687389 0.387337 0.017762 0.029795
0 0.569272 0.391061 0.023091 0.018622
0 0.076377 0.407821 0.021314 0.033520
0 0.481350 0.476723 0.010657 0.018622
0 0.494671 0.514898 0.015986 0.024209
0 0.610124 0.545624 0.040853 0.048417
0 0.085258 0.580074 0.021314 0.031657
0 0.707815 0.594041 0.033748 0.037244
0 0.520426 0.600559 0.046181 0.046555
0 0.229130 0.606145 0.028419 0.039106
0 0.443162 0.681564 0.051510 0.026071
0 0.721137 0.730912 0.031972 0.039106
0 0.176732 0.736499 0.033748 0.027933
0 0.078153 0.753259 0.024867 0.031657
0 0.151865 0.774674 0.040853 0.033520
