0 0.307282 0.051210 0.028419 0.031657
0 0.462700 0.077281 0.047957 0.035382
0 0.420959 0.136872 0.021314 0.035382
0 0.266430 0.161080 0.049734 0.042831
0 0.717584 0.277467 0.039076 0.033520
0 0.528419 0.309125 0.019538 0.029795
0 0.805506 0.324953 0.030195 0.035382
0 0.500888 0.336127 0.021314 0.027933
0 0.031083 0.346369 0.040853 0.044693
0 0.452931 0.405028 0.028419 0.035382
0 0.122558 0.433892 0.028419 0.048417
0 0.504440 0.448790 0.024867 0.029795
0 0.471581 0.474860 0.019538 0.026071
0 0.638544 0.505587 0.040853 0.054004
0 0.593250 0.516760 0.028419 0.027933
0 0.936945 0.597765 0.023091 0.048417
0 0.630551 0.648045 0.031972 0.048417
0 0.110124 0.649907 0.039076 0.037244
0 0.403197 0.716946 0.024867 0.040968
