0 0.007105 0.025140 0.014210 0.031657
0 0.312611 0.080074 0.021314 0.033520
0 0.456483 0.080074 0.031972 0.029795
0 0.283304 0.108007 0.023091 0.029795
0 0.317940 0.182495 0.028419 0.037244
0 0.040853 0.194600 0.039076 0.039106
0 0.285968 0.209497 0.021314 0.035382
0 0.182060 0.212291 0.033748 0.044693
0 0.302842 0.307263 0.037300 0.048417
0 0.257549 0.324022 0.031972 0.044693
0 0.435169 0.365922 0.031972 0.042831
0 0.028419 0.448790 0.053286 0.040968
0 0.129663 0.468343 0.046181 0.046555
0 0.022202 0.578212 0.040853 0.031657
0 0.165187 0.744879 0.042629 0.044693
0 0.060391 0.796089 0.039076 0.039106
0 0.419183 0.836127 0.039076 0.052142
