0 0.521314 0.008380 0.030195 0.016760
0 0.576377 0.104283 0.023091 0.018622
0 0.325933 0.132216 0.051510 0.048417
0 0.620782 0.169460 0.037300 0.048417
0 0.321492 0.187151 0.039076 0.046555
0 0.369449 0.215084 0.039076 0.039106
0 0.436057 0.270950 0.037300 0.039106
0 0.945826 0.294227 0.030195 0.022346
0 0.881883 0.371508 0.019538 0.031657
0 0.304618 0.378957 0.037300 0.042831
0 0.218472 0.424581 0.028419 0.037244
0 0.914742 0.429236 0.053286 0.046555
0 0.477798 0.441341 0.028419 0.029795
0 0.436945 0.453445 0.028419 0.050279
0 0.765542 0.493482 0.024867 0.026071
0 0.861456 0.507449 0.039076 0.042831
0 0.695382 0.559590 0.023091 0.035382
0 0.212256 0.581937 0.033748 0.031657
0 0.818828 0.611732 0.024867 0.031657
0 0.087922 0.636872 0.069272 0.070764
0 0.168739 0.637803 0.046181 0.042831
0 0.150089 0.679702 0.030195 0.037244
0 0.674067 0.744879 0.055062 0.074488
0 0.523979 0.756983 0.042629 0.042831
0 0.574600 0.762570 0.033748 0.039106
0 0.786856 0.769088 0.035524 0.040968
0 0.188277 0.886406 0.031972 0.029795
0 0.053286 0.915270 0.031972 0.031657
0 0.603908 0.920857 0.035524 0.054004
0 0.136767 0.924581 0.053286 0.054004
0 0.174956 0.969274 0.047957 0.035382
0 0.582593 0.990689 0.049734 0.014898
