0 0.416519 0.017691 0.051510 0.035382
0 0.574600 0.036313 0.047957 0.046555
0 0.486679 0.124767 0.067496 0.074488
0 0.175844 0.173184 0.031972 0.033520
0 0.350799 0.189944 0.055062 0.104283
0 0.517762 0.206704 0.062167 0.044693
0 0.831261 0.271881 0.046181 0.081937
0 0.700710 0.422719 0.090586 0.100559
0 0.817052 0.450652 0.063943 0.081937
0 0.491119 0.482309 0.040853 0.063315
0 0.346359 0.523277 0.046181 0.040968
0 0.561279 0.554004 0.049734 0.076350
0 0.751332 0.572626 0.039076 0.065177
0 0.029307 0.596834 0.058615 0.098696
0 0.445826 0.602421 0.039076 0.054004
0 0.141208 0.635009 0.026643 0.040968
0 0.733570 0.702048 0.056838 0.104283
0 0.189165 0.711359 0.040853 0.048417
0 0.884547 0.734637 0.056838 0.076350
0 0.610124 0.766294 0.051510 0.054004
0 0.129663 0.786778 0.049734 0.087523
0 0.208703 0.900372 0.108348 0.106145
0 0.792185 0.922719 0.049734 0.080074
