0 0.061279 0.008380 0.037300 0.016760
0 0.406750 0.154562 0.035524 0.026071
0 0.189165 0.218808 0.040853 0.039106
0 0.597691 0.230912 0.069272 0.055866
0 0.025755 0.244879 0.037300 0.035382
0 0.296625 0.279330 0.017762 0.029795
0 0.364121 0.304469 0.031972 0.027933
0 0.190053 0.327747 0.046181 0.059590
0 0.639432 0.337989 0.039076 0.046555
0 0.319716 0.354749 0.028419 0.031657
0 0.105684 0.384544 0.037300 0.054004
0 0.898757 0.393855 0.127886 0.109870
0 0.680284 0.408752 0.049734 0.109870
0 0.309947 0.439479 0.055062 0.081937
0 0.137655 0.547486 0.047957 0.052142
0 0.904973 0.567039 0.097691 0.091248
0 0.407638 0.571695 0.019538 0.044693
0 0.639432 0.576350 0.039076 0.035382
0 0.023979 0.659218 0.047957 0.100559
0 0.730906 0.701117 0.044405 0.035382
0 0.453819 0.733706 0.030195 0.044693
0 0.105684 0.745810 0.062167 0.076350
0 0.565719 0.760708 0.104796 0.106145
0 0.443162 0.791434 0.026643 0.037244
0 0.811723 0.863128 0.053286 0.054004
0 0.176732 0.872439 0.062167 0.054004
0 0.076377 0.980447 0.074600 0.035382
0 0.621670 0.985102 0.056838 0.026071
