0 0.578153 0.146182 0.055062 0.061453
0 0.828597 0.268156 0.062167 0.052142
0 0.668739 0.344507 0.033748 0.055866
0 0.540853 0.393855 0.044405 0.046555
0 0.887211 0.464618 0.055062 0.076350
0 0.568384 0.494413 0.039076 0.057728
0 0.094139 0.499069 0.039076 0.052142
0 0.348135 0.524209 0.031972 0.046555
0 0.239787 0.564246 0.035524 0.059590
0 0.047069 0.569832 0.040853 0.044693
0 0.032860 0.683426 0.047957 0.067039
0 0.737123 0.689013 0.046181 0.059590
0 0.391652 0.806331 0.040853 0.052142
0 0.491119 0.881750 0.051510 0.035382
0 0.330373 0.929236 0.060391 0.044693
0 0.117229 0.938547 0.039076 0.055866
0 0.704263 0.994413 0.033748 0.007449
