0 0.316163 0.096834 0.039076 0.055866
0 0.747780 0.099628 0.095915 0.080074
0 0.444938 0.101490 0.076377 0.065177
0 0.611901 0.128492 0.044405 0.055866
0 0.097691 0.195531 0.046181 0.040968
0 0.089698 0.247672 0.055062 0.063315
0 0.269094 0.271881 0.033748 0.040968
0 0.182948 0.350093 0.046181 0.052142
0 0.360568 0.351024 0.046181 0.042831
0 0.489343 0.363128 0.072824 0.078212
0 0.276199 0.401304 0.047957 0.106145
0 0.515098 0.422719 0.031972 0.026071
0 0.634103 0.454376 0.028419 0.044693
0 0.065719 0.525140 0.028419 0.029795
0 0.160746 0.526071 0.023091 0.039106
0 0.246892 0.601490 0.053286 0.048417
0 0.437833 0.681564 0.023091 0.022346
0 0.495560 0.688082 0.028419 0.031657
0 0.113677 0.725326 0.103020 0.128492
0 0.430728 0.804469 0.037300 0.040968
0 0.333925 0.963687 0.074600 0.068901
0 0.462700 0.971136 0.040853 0.054004
