0 0.299290 0.014898 0.040853 0.029795
0 0.396980 0.014898 0.083481 0.029795
0 0.218472 0.015829 0.039076 0.031657
0 0.341918 0.162942 0.133215 0.094972
0 0.504440 0.189944 0.031972 0.037244
0 0.577265 0.204842 0.035524 0.067039
0 0.197158 0.232775 0.031972 0.055866
0 0.454707 0.239292 0.056838 0.035382
0 0.594139 0.302607 0.037300 0.039106
0 0.986679 0.308194 0.023091 0.042831
0 0.492007 0.314711 0.071048 0.055866
0 0.359680 0.326816 0.047957 0.076350
0 0.746892 0.357542 0.040853 0.044693
0 0.408526 0.431099 0.035524 0.061453
0 0.686501 0.439479 0.044405 0.044693
0 0.011545 0.449721 0.023091 0.061453
0 0.191829 0.458101 0.039076 0.040968
0 0.141208 0.461825 0.044405 0.048417
0 0.602131 0.653631 0.035524 0.081937
0 0.035524 0.746741 0.046181 0.033520
0 0.300178 0.783054 0.099467 0.061453
0 0.378330 0.865922 0.085258 0.141527
0 0.551510 0.971136 0.037300 0.054004
0 0.168739 0.987896 0.053286 0.020484
