0 0.324156 0.027002 0.047957 0.054004
0 0.653641 0.064246 0.046181 0.054004
0 0.953819 0.118250 0.042629 0.054004
0 0.978686 0.186220 0.039076 0.040968
0 0.248668 0.219739 0.046181 0.067039
0 0.314387 0.279330 0.053286 0.074488
0 0.380107 0.342644 0.049734 0.052142
0 0.545293 0.379888 0.035524 0.055866
0 0.623446 0.379888 0.056838 0.074488
0 0.252220 0.503724 0.028419 0.050279
0 0.407638 0.515829 0.026643 0.067039
0 0.956483 0.663873 0.083481 0.117318
0 0.136767 0.682495 0.053286 0.098696
0 0.444938 0.698324 0.030195 0.037244
0 0.200710 0.733706 0.049734 0.052142
0 0.600355 0.796089 0.056838 0.050279
