0 0.281528 0.015829 0.040853 0.031657
0 0.459147 0.023277 0.094139 0.046555
0 0.522202 0.052142 0.042629 0.052142
0 0.398757 0.100559 0.055062 0.052142
0 0.335702 0.216015 0.035524 0.033520
0 0.745115 0.221601 0.104796 0.074488
0 0.393428 0.224395 0.044405 0.042831
0 0.654529 0.312849 0.065719 0.052142
0 0.371226 0.346369 0.035524 0.044693
0 0.115453 0.366853 0.039076 0.048417
0 0.016874 0.388268 0.033748 0.054004
0 0.055062 0.440410 0.039076 0.042831
0 0.126998 0.446927 0.058615 0.074488
0 0.485790 0.457169 0.076377 0.143389
0 0.086146 0.511173 0.033748 0.054004
0 0.852575 0.545624 0.053286 0.108007
0 0.255773 0.550279 0.042629 0.076350
0 0.223801 0.627561 0.039076 0.044693
0 0.198046 0.704842 0.069272 0.054004
0 0.210480 0.741155 0.058615 0.033520
0 0.324156 0.885475 0.097691 0.094972
0 0.037300 0.922719 0.049734 0.057728
