0 0.396092 0.014898 0.031972 0.029795
0 0.438721 0.015829 0.056838 0.031657
0 0.587034 0.042831 0.055062 0.085661
0 0.017762 0.126629 0.035524 0.085661
0 0.126998 0.189944 0.044405 0.037244
0 0.722913 0.312849 0.063943 0.059590
0 0.298401 0.319367 0.028419 0.046555
0 0.238011 0.357542 0.060391 0.063315
0 0.580817 0.414339 0.035524 0.031657
0 0.318828 0.428305 0.062167 0.111732
0 0.496448 0.500000 0.037300 0.054004
0 0.595915 0.501862 0.037300 0.035382
0 0.223801 0.535382 0.060391 0.076350
0 0.267318 0.536313 0.047957 0.052142
0 0.758437 0.571695 0.063943 0.085661
0 0.365009 0.583799 0.065719 0.061453
0 0.204263 0.605214 0.039076 0.055866
0 0.595915 0.614525 0.055062 0.078212
0 0.536412 0.697393 0.046181 0.054004
0 0.819716 0.729981 0.040853 0.067039
0 0.222913 0.762570 0.065719 0.057728
0 0.342806 0.809125 0.039076 0.054004
0 0.566607 0.823091 0.095915 0.063315
0 0.881883 0.833333 0.044405 0.050279
0 0.678508 0.852886 0.046181 0.067039
0 0.723801 0.870577 0.019538 0.050279
0 0.387211 0.878957 0.049734 0.063315
0 0.196270 0.898510 0.055062 0.083799
0 0.118117 0.970205 0.062167 0.040968
0 0.857904 0.980447 0.049734 0.035382
