0 0.462700 0.011173 0.076377 0.022346
0 0.408526 0.044693 0.056838 0.070764
0 0.609236 0.054935 0.088810 0.057728
0 0.695382 0.070764 0.065719 0.096834
0 0.342806 0.094972 0.031972 0.070764
0 0.179396 0.205773 0.039076 0.061453
0 0.394316 0.210428 0.085258 0.108007
0 0.853464 0.319367 0.055062 0.072626
0 0.142984 0.426443 0.037300 0.044693
0 0.896980 0.430168 0.074600 0.078212
0 0.133215 0.503724 0.049734 0.054004
0 0.589698 0.543762 0.110124 0.137803
0 0.047069 0.548417 0.058615 0.057728
0 0.470693 0.611732 0.049734 0.057728
0 0.105684 0.676909 0.079929 0.080074
0 0.218472 0.681564 0.042629 0.052142
0 0.454707 0.681564 0.042629 0.037244
0 0.363233 0.709497 0.047957 0.055866
0 0.130551 0.770950 0.037300 0.059590
0 0.292185 0.783054 0.051510 0.042831
0 0.043517 0.791434 0.087034 0.122905
0 0.496448 0.889199 0.058615 0.054004
0 0.462700 0.974860 0.051510 0.046555
