0 0.132327 0.059590 0.069272 0.119181
0 0.587922 0.165736 0.092362 0.081937
0 0.460924 0.174115 0.044405 0.054004
0 0.224689 0.237430 0.033748 0.057728
0 0.318828 0.389199 0.026643 0.044693
0 0.484902 0.470205 0.028419 0.046555
0 0.392540 0.477654 0.049734 0.061453
0 0.607460 0.500931 0.081705 0.070764
0 0.865009 0.601490 0.063943 0.059590
0 0.269982 0.689013 0.042629 0.055866
0 0.412966 0.726257 0.037300 0.029795
0 0.687389 0.800745 0.078153 0.111732
0 0.425400 0.805400 0.037300 0.046555
0 0.234458 0.863128 0.060391 0.072626
0 0.373890 0.873371 0.030195 0.063315
0 0.380995 0.925512 0.033748 0.029795
0 0.756661 0.927374 0.049734 0.059590
