0 0.246892 0.005587 0.035524 0.011173
0 0.176732 0.020484 0.037300 0.040968
0 0.567496 0.024209 0.037300 0.048417
0 0.620782 0.065177 0.026643 0.055866
0 0.449378 0.292365 0.056838 0.063315
0 0.300178 0.293296 0.067496 0.057728
0 0.698046 0.305400 0.046181 0.063315
0 0.494671 0.317505 0.033748 0.042831
0 0.359680 0.389199 0.047957 0.044693
0 0.062167 0.417132 0.063943 0.089385
0 0.452931 0.461825 0.039076 0.048417
0 0.663410 0.486034 0.051510 0.063315
0 0.108348 0.542831 0.056838 0.042831
0 0.031972 0.556797 0.063943 0.093110
0 0.385435 0.633147 0.060391 0.085661
0 0.653641 0.661080 0.067496 0.085661
0 0.374778 0.685289 0.049734 0.029795
0 0.214032 0.707635 0.094139 0.096834
0 0.849911 0.754190 0.033748 0.059590
0 0.095027 0.789572 0.044405 0.052142
0 0.274423 0.835196 0.044405 0.042831
0 0.418295 0.870577 0.058615 0.076350
