0 0.270870 0.010242 0.023091 0.020484
0 0.219361 0.016760 0.026643 0.033520
0 0.505329 0.053073 0.062167 0.061453
0 0.860568 0.079143 0.023091 0.035382
0 0.019538 0.094972 0.017762 0.014898
0 0.342806 0.188082 0.053286 0.048417
0 0.422735 0.220670 0.053286 0.076350
0 0.833037 0.250466 0.028419 0.035382
0 0.404973 0.301676 0.017762 0.022346
0 0.587922 0.338920 0.035524 0.059590
0 0.284192 0.350093 0.017762 0.029795
0 0.190941 0.364991 0.026643 0.026071
0 0.605684 0.407821 0.021314 0.014898
0 0.004440 0.440410 0.008881 0.035382
0 0.789520 0.446927 0.033748 0.037244
0 0.125222 0.454376 0.019538 0.048417
0 0.044405 0.502793 0.042629 0.048417
0 0.333925 0.507449 0.088810 0.087523
0 0.701599 0.540037 0.042629 0.096834
0 0.831261 0.542831 0.021314 0.042831
0 0.439609 0.581006 0.015986 0.022346
0 0.866785 0.586592 0.024867 0.033520
0 0.571048 0.608007 0.012433 0.016760
0 0.783304 0.608939 0.010657 0.011173
0 0.537300 0.621043 0.023091 0.035382
0 0.627886 0.661080 0.008881 0.011173
0 0.157194 0.694600 0.012433 0.018622
0 0.379218 0.695531 0.019538 0.016760
0 0.117229 0.705773 0.017762 0.044693
0 0.555062 0.742086 0.012433 0.016760
0 0.158082 0.750466 0.017762 0.029795
0 0.817052 0.756052 0.014210 0.011173
0 0.541741 0.767225 0.017762 0.018622
0 0.476909 0.778399 0.015986 0.018622
0 0.637655 0.788641 0.039076 0.080074
0 0.743339 0.815642 0.008881 0.007449
0 0.018650 0.818436 0.037300 0.072626
0 0.917407 0.820298 0.012433 0.013035
0 0.349911 0.893855 0.010657 0.018622
0 0.515098 0.908752 0.031972 0.022346
0 0.413854 0.929236 0.010657 0.011173
0 0.484902 0.979516 0.014210 0.018622
0 0.774423 0.984171 0.039076 0.027933
