0 0.868561 0.030726 0.049734 0.054004
0 0.373002 0.369646 0.053286 0.068901
0 0.606572 0.378957 0.069272 0.061453
0 0.485790 0.384544 0.033748 0.046555
0 0.060391 0.405959 0.042629 0.067039
0 0.173179 0.406890 0.037300 0.061453
0 0.245115 0.417132 0.039076 0.029795
0 0.446714 0.465549 0.033748 0.055866
0 0.916519 0.492551 0.074600 0.065177
0 0.544405 0.505587 0.015986 0.035382
0 0.748668 0.512104 0.026643 0.044693
0 0.216696 0.520484 0.021314 0.039106
0 0.595915 0.539106 0.026643 0.039106
0 0.343694 0.596834 0.065719 0.050279
0 0.791297 0.596834 0.037300 0.057728
0 0.215808 0.813780 0.051510 0.055866
0 0.659858 0.884544 0.023091 0.029795
0 0.025755 0.899441 0.051510 0.085661
0 0.524867 0.971136 0.037300 0.046555
