0 0.282416 0.014898 0.071048 0.029795
0 0.364121 0.017691 0.088810 0.035382
0 0.659858 0.119181 0.087034 0.055866
0 0.426288 0.252328 0.110124 0.098696
0 0.327709 0.269088 0.033748 0.046555
0 0.320604 0.387337 0.094139 0.115456
0 0.655417 0.530726 0.095915 0.085661
0 0.896092 0.554004 0.055062 0.065177
0 0.440497 0.581937 0.049734 0.046555
0 0.004440 0.622905 0.008881 0.054004
0 0.259325 0.633147 0.060391 0.067039
0 0.596803 0.658287 0.085258 0.091248
0 0.265542 0.745810 0.051510 0.050279
0 0.370337 0.857542 0.033748 0.046555
0 0.015098 0.875233 0.030195 0.067039
0 0.246004 0.884544 0.033748 0.040968
0 0.180284 0.949721 0.044405 0.055866
0 0.233570 0.963687 0.044405 0.065177
