0 0.714032 0.113594 0.046181 0.063315
0 0.452043 0.125698 0.051510 0.057728
0 0.134991 0.316574 0.074600 0.055866
0 0.486679 0.352886 0.049734 0.054004
0 0.719361 0.378026 0.039076 0.059590
0 0.458259 0.445065 0.063943 0.070764
0 0.870337 0.456238 0.063943 0.040968
0 0.066607 0.506518 0.044405 0.044693
0 0.228242 0.528864 0.047957 0.070764
0 0.777975 0.639665 0.046181 0.061453
0 0.544405 0.704842 0.062167 0.054004
0 0.484902 0.722533 0.049734 0.052142
0 0.368561 0.731844 0.101243 0.115456
0 0.015986 0.750466 0.031972 0.160149
