0 0.232682 0.006518 0.060391 0.013035
0 0.298401 0.072626 0.049734 0.044693
0 0.174067 0.078212 0.081705 0.093110
0 0.513321 0.097765 0.028419 0.024209
0 0.756661 0.098696 0.049734 0.040968
0 0.483126 0.147114 0.053286 0.055866
0 0.235346 0.209497 0.037300 0.039106
0 0.329485 0.281192 0.055062 0.044693
0 0.358792 0.335196 0.053286 0.048417
0 0.934281 0.394786 0.067496 0.055866
0 0.637655 0.516760 0.049734 0.076350
0 0.512433 0.589385 0.111901 0.158287
0 0.120782 0.593110 0.035524 0.039106
0 0.492007 0.733706 0.046181 0.055866
0 0.343694 0.754190 0.026643 0.033520
0 0.012433 0.871508 0.024867 0.067039
0 0.373002 0.878026 0.056838 0.065177
0 0.670515 0.952514 0.047957 0.072626
