0 0.316163 0.014898 0.067496 0.029795
0 0.226465 0.013035 0.079929 0.026071
0 0.435169 0.041899 0.127886 0.083799
0 0.566607 0.159218 0.067496 0.068901
0 0.377442 0.208566 0.047957 0.037244
0 0.334813 0.279330 0.033748 0.037244
0 0.203375 0.296089 0.033748 0.063315
0 0.281528 0.422719 0.094139 0.074488
0 0.319716 0.458101 0.056838 0.040968
0 0.408526 0.461825 0.035524 0.052142
0 0.379218 0.529795 0.030195 0.035382
0 0.818828 0.571695 0.042629 0.074488
0 0.330373 0.577281 0.042629 0.037244
0 0.185613 0.586592 0.033748 0.059590
0 0.269094 0.743017 0.026643 0.044693
0 0.480462 0.767225 0.065719 0.044693
0 0.888099 0.884544 0.074600 0.085661
0 0.430728 0.887337 0.030195 0.046555
0 0.498224 0.903166 0.065719 0.048417
