0 0.262877 0.007449 0.046181 0.014898
0 0.192718 0.026071 0.047957 0.052142
0 0.020426 0.158287 0.040853 0.040968
0 0.138544 0.199255 0.074600 0.074488
0 0.077265 0.256983 0.076377 0.085661
0 0.285968 0.258845 0.039076 0.044693
0 0.181172 0.327747 0.010657 0.011173
0 0.615453 0.330540 0.040853 0.046555
0 0.132327 0.377095 0.019538 0.027933
0 0.352575 0.397579 0.047957 0.042831
0 0.599467 0.404097 0.026643 0.037244
0 0.871226 0.404097 0.058615 0.063315
0 0.655417 0.411546 0.071048 0.081937
0 0.746004 0.411546 0.053286 0.063315
0 0.090586 0.451583 0.042629 0.031657
0 0.614565 0.452514 0.039076 0.033520
0 0.555062 0.513035 0.030195 0.042831
0 0.351687 0.555866 0.039076 0.054004
0 0.812611 0.562384 0.055062 0.074488
0 0.621670 0.590317 0.053286 0.081937
0 0.396092 0.796089 0.127886 0.139665
0 0.024867 0.877095 0.049734 0.063315
0 0.714920 0.891061 0.047957 0.091248
