0 0.615453 0.037244 0.051510 0.059590
0 0.687389 0.100559 0.063943 0.081937
0 0.398757 0.245810 0.126110 0.081937
0 0.786856 0.310987 0.039076 0.048417
0 0.709591 0.326816 0.062167 0.076350
0 0.456483 0.353818 0.053286 0.055866
0 0.877442 0.486034 0.035524 0.059590
0 0.456483 0.511173 0.024867 0.039106
0 0.659858 0.526071 0.033748 0.076350
0 0.285968 0.548417 0.060391 0.054004
0 0.074600 0.579143 0.053286 0.063315
0 0.854352 0.601490 0.127886 0.089385
0 0.351687 0.669460 0.031972 0.057728
0 0.514210 0.679702 0.044405 0.048417
0 0.131439 0.789572 0.049734 0.070764
0 0.044405 0.902235 0.081705 0.065177
