0 0.008881 0.053073 0.017762 0.054004
0 0.365897 0.141527 0.067496 0.052142
0 0.309059 0.201117 0.053286 0.037244
0 0.415631 0.201117 0.053286 0.067039
0 0.482238 0.208566 0.047957 0.059590
0 0.287744 0.267225 0.046181 0.057728
0 0.382771 0.271881 0.136767 0.059590
0 0.523091 0.359404 0.015986 0.037244
0 0.293073 0.363128 0.028419 0.040968
0 0.416519 0.373371 0.058615 0.065177
0 0.336590 0.395717 0.044405 0.068901
0 0.564831 0.610801 0.028419 0.037244
0 0.573712 0.735568 0.024867 0.033520
0 0.229130 0.759777 0.056838 0.067039
0 0.042629 0.784916 0.085258 0.080074
0 0.478686 0.785847 0.051510 0.052142
0 0.311723 0.791434 0.037300 0.033520
0 0.012433 0.858473 0.024867 0.044693
0 0.279751 0.921788 0.072824 0.048417
0 0.873002 0.974860 0.026643 0.046555
