0 0.330373 0.047486 0.039076 0.068901
0 0.585258 0.143389 0.115453 0.100559
0 0.030195 0.423650 0.046181 0.039106
0 0.253108 0.517691 0.037300 0.029795
0 0.309059 0.519553 0.014210 0.018622
0 0.682060 0.540968 0.056838 0.054004
0 0.539076 0.557728 0.055062 0.054004
0 0.385435 0.563315 0.024867 0.020484
0 0.481350 0.599628 0.021314 0.029795
0 0.379218 0.625698 0.030195 0.078212
0 0.460036 0.626629 0.028419 0.024209
0 0.191829 0.665736 0.074600 0.083799
0 0.488455 0.674115 0.028419 0.033520
0 0.520426 0.678771 0.017762 0.027933
0 0.456483 0.742086 0.035524 0.050279
0 0.539076 0.799814 0.047957 0.076350
