0 0.551510 0.014898 0.040853 0.029795
0 0.402309 0.133147 0.040853 0.046555
0 0.531972 0.165736 0.044405 0.037244
0 0.257549 0.272812 0.024867 0.024209
0 0.694494 0.302607 0.039076 0.046555
0 0.332149 0.324953 0.060391 0.054004
0 0.355240 0.391993 0.071048 0.035382
0 0.519538 0.400372 0.033748 0.029795
0 0.554174 0.411546 0.035524 0.052142
0 0.576377 0.524209 0.037300 0.054004
0 0.325044 0.526071 0.063943 0.065177
0 0.060391 0.596834 0.071048 0.098696
0 0.452931 0.596834 0.088810 0.087523
0 0.123446 0.608007 0.026643 0.046555
0 0.401421 0.626629 0.042629 0.061453
0 0.260213 0.656425 0.033748 0.046555
0 0.182060 0.680633 0.072824 0.050279
0 0.501776 0.716946 0.026643 0.048417
0 0.547957 0.770019 0.037300 0.050279
0 0.331261 0.784916 0.062167 0.080074
0 0.875666 0.803538 0.028419 0.035382
0 0.355240 0.884544 0.081705 0.059590
0 0.465364 0.982309 0.046181 0.031657
