0 0.344583 0.031657 0.067496 0.063315
0 0.666075 0.053073 0.042629 0.050279
0 0.365009 0.078212 0.044405 0.044693
0 0.019538 0.092179 0.039076 0.065177
0 0.324156 0.194600 0.047957 0.042831
0 0.431616 0.210428 0.074600 0.074488
0 0.350799 0.216015 0.040853 0.044693
0 0.259325 0.294227 0.035524 0.022346
0 0.504440 0.297020 0.039076 0.046555
0 0.349023 0.429236 0.026643 0.031657
0 0.374778 0.449721 0.039076 0.031657
0 0.919183 0.449721 0.033748 0.050279
0 0.380995 0.506518 0.026643 0.022346
0 0.459147 0.535382 0.030195 0.046555
0 0.376554 0.617318 0.078153 0.065177
0 0.673179 0.621974 0.074600 0.100559
0 0.829485 0.633147 0.067496 0.089385
0 0.992007 0.679702 0.012433 0.029795
0 0.052398 0.739292 0.040853 0.048417
0 0.198046 0.798883 0.015986 0.018622
0 0.392540 0.901304 0.049734 0.052142
0 0.109236 0.904097 0.019538 0.020484
0 0.253108 0.930168 0.122558 0.072626
