0 0.617229 0.101490 0.072824 0.076350
0 0.352575 0.155493 0.047957 0.068901
0 0.164298 0.179702 0.154529 0.083799
0 0.254885 0.260708 0.058615 0.052142
0 0.359680 0.391061 0.037300 0.037244
0 0.883659 0.397579 0.055062 0.068901
0 0.513321 0.426443 0.042629 0.055866
0 0.283304 0.448790 0.044405 0.052142
0 0.213144 0.527933 0.092362 0.124767
0 0.373002 0.562384 0.092362 0.081937
0 0.393428 0.667598 0.037300 0.061453
0 0.774423 0.668529 0.060391 0.089385
0 0.380107 0.732775 0.049734 0.057728
0 0.717584 0.869646 0.049734 0.055866
0 0.325933 0.917132 0.129663 0.068901
0 0.798401 0.943203 0.044405 0.046555
