0 0.684725 0.064246 0.090586 0.057728
0 0.419183 0.136872 0.074600 0.068901
0 0.635879 0.150838 0.067496 0.052142
0 0.598579 0.226257 0.078153 0.061453
0 0.769982 0.259777 0.033748 0.065177
0 0.390764 0.266294 0.028419 0.059590
0 0.782416 0.363128 0.058615 0.055866
0 0.099467 0.382682 0.078153 0.068901
0 0.516874 0.393855 0.056838 0.046555
0 0.954707 0.418994 0.047957 0.067039
0 0.870337 0.497207 0.021314 0.074488
0 0.849023 0.509311 0.031972 0.050279
0 0.169627 0.513966 0.040853 0.059590
0 0.528419 0.618250 0.047957 0.048417
0 0.258437 0.653631 0.047957 0.048417
0 0.814387 0.655493 0.033748 0.037244
0 0.071048 0.663873 0.046181 0.072626
0 0.404085 0.678771 0.044405 0.039106
0 0.436057 0.681564 0.037300 0.040968
0 0.117229 0.786778 0.049734 0.087523
0 0.298401 0.821229 0.046181 0.052142
0 0.790409 0.824022 0.056838 0.065177
0 0.047957 0.844507 0.067496 0.061453
0 0.267318 0.883613 0.076377 0.091248
0 0.484014 0.883613 0.044405 0.057728
0 0.051510 0.940410 0.053286 0.048417
0 0.011545 0.975791 0.023091 0.044693
0 0.809947 0.978585 0.049734 0.039106
