0 0.394316 0.047486 0.046181 0.050279
0 0.733570 0.074488 0.056838 0.059590
0 0.262877 0.175978 0.056838 0.054004
0 0.550622 0.352886 0.071048 0.083799
0 0.984902 0.500000 0.026643 0.054004
0 0.237123 0.527002 0.065719 0.089385
0 0.095027 0.530726 0.087034 0.078212
0 0.604796 0.608007 0.030195 0.046555
0 0.537300 0.626629 0.044405 0.061453
0 0.733570 0.693669 0.039076 0.094972
0 0.150089 0.779330 0.037300 0.050279
0 0.416519 0.858473 0.051510 0.052142
0 0.303730 0.874302 0.060391 0.057728
0 0.759325 0.888268 0.079929 0.055866
0 0.471581 0.909683 0.083481 0.080074
0 0.830373 0.971136 0.047957 0.054004
0 0.272647 0.978585 0.047957 0.039106
