0 0.618117 0.053073 0.063943 0.054004
0 0.320604 0.141527 0.143872 0.059590
0 0.105684 0.146182 0.062167 0.050279
0 0.499112 0.150838 0.056838 0.040968
0 0.721137 0.176909 0.060391 0.059590
0 0.332149 0.245810 0.060391 0.081937
0 0.615453 0.252328 0.044405 0.031657
0 0.215808 0.317505 0.040853 0.061453
0 0.609236 0.346369 0.085258 0.070764
0 0.074600 0.399441 0.078153 0.076350
0 0.314387 0.482309 0.035524 0.052142
0 0.133215 0.644320 0.046181 0.033520
0 0.491119 0.644320 0.051510 0.052142
0 0.443162 0.757914 0.051510 0.044693
0 0.786856 0.862197 0.049734 0.040968
0 0.457371 0.868715 0.097691 0.098696
0 0.246892 0.977654 0.095915 0.040968
