0 0.401421 0.109870 0.039076 0.052142
0 0.720249 0.109870 0.030195 0.044693
0 0.196270 0.140596 0.037300 0.039106
0 0.620782 0.211359 0.044405 0.054004
0 0.809059 0.251397 0.047957 0.055866
0 0.382771 0.287709 0.108348 0.065177
0 0.703375 0.290503 0.031972 0.044693
0 0.848135 0.337989 0.026643 0.042831
0 0.742451 0.351024 0.042629 0.050279
0 0.306394 0.360335 0.033748 0.042831
0 0.218472 0.391061 0.106572 0.085661
0 0.888099 0.413408 0.039076 0.055866
0 0.437833 0.418994 0.051510 0.067039
0 0.370337 0.472998 0.040853 0.052142
0 0.267318 0.490689 0.076377 0.042831
0 0.590586 0.498138 0.030195 0.039106
0 0.306394 0.559590 0.047957 0.054004
0 0.779751 0.596834 0.078153 0.098696
0 0.535524 0.616387 0.030195 0.026071
0 0.348135 0.637803 0.031972 0.031657
0 0.585258 0.668529 0.026643 0.063315
0 0.974245 0.669460 0.047957 0.035382
0 0.469805 0.693669 0.019538 0.035382
0 0.376554 0.770019 0.035524 0.076350
0 0.187389 0.846369 0.047957 0.039106
0 0.118117 0.966480 0.076377 0.052142
0 0.477798 0.983240 0.049734 0.029795
