0 0.600355 0.050279 0.046181 0.096834
0 0.447602 0.313780 0.024867 0.024209
0 0.935169 0.332402 0.047957 0.039106
0 0.622558 0.378026 0.037300 0.048417
0 0.016874 0.379888 0.033748 0.059590
0 0.138544 0.380819 0.031972 0.035382
0 0.934281 0.406890 0.085258 0.068901
0 0.685613 0.421788 0.049734 0.057728
0 0.975133 0.502793 0.042629 0.052142
0 0.287744 0.567970 0.049734 0.044693
0 0.975133 0.637803 0.046181 0.050279
0 0.316163 0.804469 0.046181 0.040968
0 0.151865 0.835196 0.037300 0.046555
0 0.454707 0.860335 0.085258 0.048417
0 0.142096 0.929236 0.053286 0.074488
0 0.016874 0.981378 0.033748 0.033520
