0 0.518650 0.015829 0.046181 0.031657
0 0.527531 0.091248 0.056838 0.085661
0 0.887211 0.538175 0.044405 0.078212
0 0.849911 0.745810 0.044405 0.050279
0 0.673179 0.983240 0.095915 0.029795
0 0.095915 0.988827 0.134991 0.018622
0 0.221137 0.749534 0.079929 0.091248
0 0.428952 0.752328 0.069272 0.048417
0 0.334813 0.391993 0.069272 0.039106
0 0.316163 0.430168 0.060391 0.052142
0 0.205151 0.628492 0.058615 0.046555
0 0.391652 0.586592 0.065719 0.063315
0 0.537300 0.697393 0.058615 0.054004
0 0.329485 0.012104 0.051510 0.024209
