0 0.753108 0.095903 0.053286 0.042831
0 0.380107 0.145251 0.042629 0.070764
0 0.391652 0.287709 0.030195 0.035382
0 0.305506 0.398510 0.021314 0.040968
0 0.636767 0.417132 0.076377 0.108007
0 0.159858 0.432030 0.035524 0.037244
0 0.978686 0.435754 0.028419 0.037244
0 0.907638 0.463687 0.053286 0.152700
0 0.364121 0.490689 0.063943 0.068901
0 0.468917 0.500000 0.028419 0.046555
0 0.960924 0.528864 0.071048 0.085661
0 0.184725 0.540037 0.039076 0.037244
0 0.484014 0.756983 0.026643 0.061453
0 0.580817 0.801676 0.056838 0.054004
0 0.207815 0.879888 0.031972 0.050279
0 0.276199 0.881750 0.033748 0.042831
0 0.607460 0.962756 0.053286 0.070764
0 0.758437 0.959032 0.099467 0.078212
