0 0.713144 0.113594 0.090586 0.063315
0 0.805506 0.171322 0.033748 0.048417
0 0.360568 0.591248 0.103020 0.087523
0 0.252220 0.395717 0.088810 0.057728
0 0.297513 0.473929 0.047957 0.031657
0 0.852575 0.730912 0.049734 0.050279
0 0.858792 0.970205 0.023091 0.040968
0 0.347247 0.839851 0.062167 0.040968
0 0.300178 0.762570 0.074600 0.072626
0 0.101243 0.786778 0.071048 0.042831
0 0.038188 0.584730 0.047957 0.040968
0 0.101243 0.605214 0.042629 0.022346
0 0.145648 0.541899 0.035524 0.029795
0 0.009769 0.101490 0.019538 0.050279
0 0.205151 0.231844 0.065719 0.061453
0 0.377442 0.200186 0.026643 0.031657
