0 0.040853 0.991620 0.081705 0.013035
0 0.117229 0.631285 0.035524 0.029795
0 0.017762 0.652700 0.035524 0.031657
0 0.388099 0.496276 0.065719 0.087523
0 0.246892 0.229050 0.031972 0.059590
0 0.338366 0.349162 0.076377 0.031657
0 0.559503 0.018622 0.039076 0.037244
0 0.638544 0.418994 0.044405 0.040968
0 0.546181 0.610801 0.065719 0.085661
0 0.485790 0.351024 0.026643 0.042831
0 0.223801 0.741155 0.053286 0.055866
0 0.234458 0.834264 0.081705 0.048417
0 0.452043 0.751397 0.037300 0.046555
0 0.460924 0.851955 0.033748 0.035382
0 0.780639 0.881750 0.044405 0.046555
0 0.826821 0.786778 0.044405 0.068901
0 0.868561 0.340782 0.021314 0.029795
0 0.129663 0.929236 0.024867 0.022346
