0 0.103020 0.062384 0.071048 0.076350
0 0.522202 0.007449 0.063943 0.014898
0 0.373002 0.221601 0.138544 0.100559
0 0.252220 0.307263 0.099467 0.059590
0 0.095915 0.256983 0.039076 0.055866
0 0.151865 0.411546 0.083481 0.067039
0 0.165187 0.501862 0.035524 0.035382
0 0.180284 0.527002 0.026643 0.033520
0 0.268206 0.703911 0.021314 0.033520
0 0.295737 0.869646 0.051510 0.063315
0 0.393428 0.763501 0.030195 0.029795
0 0.409414 0.830540 0.030195 0.048417
0 0.833037 0.850093 0.071048 0.080074
0 0.065719 0.769088 0.028419 0.055866
0 0.105684 0.834264 0.065719 0.085661
0 0.045293 0.665736 0.023091 0.024209
