0 0.562167 0.548417 0.069272 0.061453
0 0.552398 0.505587 0.035524 0.031657
0 0.436057 0.719739 0.037300 0.042831
0 0.382771 0.663873 0.037300 0.027933
0 0.568384 0.688082 0.028419 0.027933
0 0.025755 0.316574 0.040853 0.029795
0 0.148313 0.359404 0.044405 0.037244
0 0.290409 0.301676 0.047957 0.040968
0 0.312611 0.284916 0.042629 0.033520
0 0.357016 0.496276 0.035524 0.035382
0 0.457371 0.426443 0.015986 0.022346
0 0.505329 0.436685 0.023091 0.042831
0 0.530195 0.349162 0.044405 0.039106
0 0.833037 0.911546 0.074600 0.031657
0 0.908526 0.690875 0.019538 0.026071
0 0.193606 0.993482 0.031972 0.009311
0 0.054174 0.060521 0.019538 0.031657
0 0.153641 0.134078 0.023091 0.033520
0 0.065719 0.558659 0.028419 0.033520
0 0.049734 0.619181 0.024867 0.039106
0 0.215808 0.670391 0.030195 0.037244
