0 0.059503 0.059590 0.044405 0.048417
0 0.134103 0.007449 0.037300 0.014898
0 0.690941 0.104283 0.039076 0.063315
0 0.754885 0.191806 0.071048 0.044693
0 0.426288 0.371508 0.031972 0.024209
0 0.536412 0.365922 0.021314 0.035382
0 0.521314 0.526071 0.044405 0.035382
0 0.372114 0.451583 0.019538 0.027933
0 0.359680 0.517691 0.023091 0.033520
0 0.836590 0.834264 0.049734 0.067039
0 0.568384 0.954376 0.081705 0.065177
0 0.063055 0.918994 0.040853 0.065177
0 0.104796 0.964618 0.035524 0.029795
0 0.057726 0.984171 0.037300 0.027933
0 0.710480 0.895717 0.031972 0.044693
0 0.947602 0.707635 0.030195 0.044693
0 0.413854 0.700186 0.021314 0.029795
0 0.594139 0.630354 0.023091 0.068901
0 0.438721 0.562384 0.021314 0.029795
0 0.464476 0.552142 0.023091 0.035382
0 0.505329 0.570764 0.015986 0.035382
0 0.508881 0.702980 0.019538 0.035382
0 0.805506 0.343575 0.026643 0.020484
0 0.351687 0.212291 0.042629 0.022346
