0 0.448490 0.337058 0.044405 0.081937
0 0.543517 0.316574 0.039076 0.040968
0 0.679396 0.382682 0.051510 0.031657
0 0.574600 0.767225 0.072824 0.067039
0 0.546181 0.653631 0.037300 0.063315
0 0.634991 0.802607 0.026643 0.078212
0 0.322380 0.833333 0.044405 0.027933
0 0.117229 0.324953 0.021314 0.054004
0 0.190053 0.324022 0.024867 0.026071
0 0.117229 0.474860 0.028419 0.026071
0 0.009769 0.639665 0.019538 0.042831
0 0.621670 0.045624 0.053286 0.065177
0 0.730018 0.128492 0.031972 0.040968
0 0.856128 0.306331 0.028419 0.057728
0 0.244227 0.016760 0.026643 0.033520
0 0.274423 0.168529 0.015986 0.031657
0 0.301066 0.171322 0.030195 0.029795
