0 0.293073 0.011173 0.124334 0.022346
0 0.070160 0.040968 0.040853 0.081937
0 0.423623 0.320298 0.058615 0.063315
0 0.459147 0.442272 0.037300 0.050279
0 0.421847 0.622905 0.094139 0.054004
0 0.304618 0.863128 0.037300 0.046555
0 0.042629 0.676909 0.039076 0.050279
0 0.664298 0.974860 0.063943 0.046555
0 0.873002 0.788641 0.033748 0.024209
0 0.820604 0.169460 0.046181 0.044693
0 0.674067 0.270019 0.058615 0.044693
0 0.739787 0.053073 0.030195 0.035382
0 0.260213 0.435754 0.023091 0.029795
0 0.223801 0.325885 0.014210 0.026071
0 0.251332 0.329609 0.033748 0.022346
0 0.226465 0.363128 0.019538 0.026071
0 0.485790 0.723464 0.030195 0.039106
0 0.757549 0.606145 0.015986 0.024209
0 0.790409 0.501862 0.021314 0.039106
0 0.680284 0.862197 0.028419 0.037244
