0 0.438721 0.390130 0.039076 0.046555
0 0.533748 0.525140 0.033748 0.026071
0 0.293073 0.557728 0.017762 0.039106
0 0.515098 0.747672 0.035524 0.042831
0 0.454707 0.759777 0.031972 0.029795
0 0.413854 0.731844 0.028419 0.033520
0 0.388099 0.671322 0.019538 0.031657
0 0.401421 0.664804 0.021314 0.029795
0 0.448490 0.892924 0.015986 0.039106
0 0.698046 0.552142 0.024867 0.031657
0 0.625222 0.482309 0.021314 0.029795
0 0.612789 0.608007 0.014210 0.027933
0 0.532860 0.011173 0.063943 0.022346
0 0.691829 0.059590 0.051510 0.048417
0 0.748668 0.269088 0.033748 0.039106
0 0.801954 0.408752 0.012433 0.042831
0 0.799290 0.464618 0.017762 0.016760
0 0.246004 0.417132 0.012433 0.026071
0 0.069272 0.541899 0.035524 0.037244
0 0.056838 0.456238 0.021314 0.022346
0 0.246892 0.582868 0.028419 0.029795
0 0.621670 0.706704 0.031972 0.035382
0 0.379218 0.335196 0.030195 0.044693
0 0.354352 0.026071 0.019538 0.026071
0 0.246892 0.057728 0.028419 0.040968
0 0.155417 0.891993 0.037300 0.040968
0 0.260213 0.231844 0.015986 0.031657
0 0.598579 0.008380 0.024867 0.016760
