0 0.180284 0.294227 0.030195 0.029795
0 0.344583 0.391061 0.017762 0.029795
0 0.303730 0.491620 0.021314 0.026071
0 0.379218 0.529795 0.030195 0.020484
0 0.198934 0.587523 0.035524 0.050279
0 0.328597 0.591248 0.024867 0.042831
0 0.007105 0.593110 0.014210 0.098696
0 0.723801 0.594972 0.030195 0.050279
0 0.258437 0.619181 0.023091 0.031657
0 0.476909 0.623836 0.015986 0.059590
0 0.316163 0.672253 0.024867 0.044693
0 0.468028 0.739292 0.019538 0.029795
0 0.379218 0.750466 0.012433 0.029795
0 0.182948 0.773743 0.031972 0.031657
0 0.634991 0.875233 0.030195 0.033520
0 0.691829 0.889199 0.023091 0.031657
0 0.868561 0.903166 0.028419 0.022346
