0 0.293961 0.011173 0.040853 0.022346
0 0.624334 0.102421 0.026643 0.033520
0 0.304618 0.121043 0.037300 0.040968
0 0.578153 0.171322 0.101243 0.104283
0 0.802842 0.173184 0.031972 0.044693
0 0.172291 0.188082 0.049734 0.033520
0 0.043517 0.227188 0.065719 0.037244
0 0.249556 0.232775 0.040853 0.040968
0 0.468917 0.260708 0.024867 0.018622
0 0.576377 0.306331 0.026643 0.024209
0 0.546181 0.316574 0.015986 0.014898
0 0.634103 0.384544 0.028419 0.046555
0 0.600355 0.391061 0.028419 0.029795
0 0.517762 0.409683 0.119005 0.081937
0 0.282416 0.479516 0.017762 0.020484
0 0.388099 0.481378 0.033748 0.024209
0 0.461812 0.507449 0.035524 0.027933
0 0.289520 0.513966 0.031972 0.029795
0 0.192718 0.526071 0.026643 0.020484
0 0.587922 0.531657 0.067496 0.042831
0 0.240675 0.544693 0.033748 0.027933
0 0.267318 0.595903 0.037300 0.067039
0 0.442274 0.626629 0.042629 0.046555
0 0.323268 0.634078 0.031972 0.035382
0 0.134991 0.652700 0.049734 0.046555
0 0.236234 0.656425 0.053286 0.039106
0 0.317940 0.667598 0.031972 0.039106
0 0.141208 0.684358 0.033748 0.024209
0 0.413854 0.686220 0.035524 0.024209
0 0.266430 0.716015 0.028419 0.027933
0 0.334813 0.767225 0.040853 0.048417
0 0.431616 0.797020 0.031972 0.026071
0 0.016874 0.809125 0.033748 0.068901
0 0.392540 0.822160 0.039076 0.080074
0 0.341918 0.849162 0.023091 0.029795
0 0.573712 0.853818 0.085258 0.050279
0 0.358792 0.856611 0.014210 0.037244
0 0.459147 0.865922 0.065719 0.078212
0 0.068384 0.964618 0.083481 0.067039
0 0.189165 0.966480 0.101243 0.063315
0 0.650977 0.987896 0.062167 0.020484
